0.48705
0.499614
0.499534
0.500871
0.507978
0.494686
0.509674
0.507024
0.512397
0.487643
0.507078
0.484091
0.489091
0.515274
0.499062
0.496465
0.49206
0.485642
0.477048
0.482025
0.502466
0.533678
0.506829
0.507061
0.501203
0.514409
0.508448
0.507801
0.49809
0.505808
0.503704
0.516582
0.495688
0.512272
0.503286
0.486635
0.499752
0.497719
0.501526
0.487497
0.51029
0.496316
0.502786
0.503052
0.483267
0.500829
0.49546
0.506191
0.501916
0.516597
0.48461
0.516104
0.496689
0.490136
0.519219
0.488189
0.481823
0.500362
0.503075
0.51359
0.500534
0.493441
0.49828
0.499366
0.50584
0.485268
0.501375
0.502272
0.484998
0.496563
0.499104
0.484175
0.483583
0.5026
0.498794
0.500095
0.501174
0.501558
0.500357
0.494861
0.504677
0.508492
0.51193
0.481406
0.500271
0.499939
0.511124
0.508677
0.513973
0.483142
0.509912
0.503174
0.500835
0.506896
0.493131
0.495111
0.499765
0.511033
0.499618
0.495207
