1	3.53198e+08	4
2	3.5519e+08	1.4086e+06
3	3.5597e+08	1.13467e+06
4	3.55522e+08	935414
5	3.55566e+08	749373
6	3.55299e+08	670400
7	3.55046e+08	620380
8	3.55637e+08	774966
9	3.55482e+08	704303
10	3.55559e+08	638085
11	3.55252e+08	649804
12	3.5508e+08	618056
13	3.55438e+08	666311
14	3.55641e+08	648882
15	3.55632e+08	605676
16	3.55446e+08	595754
17	3.55544e+08	568705
18	3.55821e+08	600612
19	3.5593e+08	578900
20	3.5599e+08	552983
21	3.55923e+08	530649
22	3.55816e+08	517182
23	3.55866e+08	497091
24	3.55918e+08	479092
25	3.55935e+08	460247
26	3.56009e+08	448413
27	3.56178e+08	462400
28	3.5612e+08	449449
29	3.56016e+08	445932
30	3.55899e+08	446194
31	3.55869e+08	432785
32	3.55889e+08	419728
33	3.55856e+08	408280
34	3.55901e+08	398707
35	3.55888e+08	387527
36	3.55926e+08	378664
37	3.55924e+08	368437
38	3.55988e+08	364252
39	3.56003e+08	355225
40	3.56084e+08	355514
41	3.56142e+08	351472
42	3.56183e+08	345447
43	3.5623e+08	340624
44	3.56248e+08	333361
45	3.56307e+08	331136
46	3.56292e+08	324260
47	3.56345e+08	321589
48	3.56323e+08	315609
49	3.5627e+08	313646
50	3.56262e+08	307469
