1	0.0115332	0
1	0.0345996	0
1	0.0576661	0
1	0.0807325	0
1	0.103799	0
1	0.126865	0
1	0.149932	0
1	0.172998	0
1	0.196065	0
1	0.219131	0
1	0.242198	0
1	0.265264	0
1	0.28833	0
1	0.311397	0
1	0.334463	0
1	0.35753	0
1	0.380596	0
1	0.403663	0
1	0.426729	0
1	0.449795	0
1	0.472862	0
1	0.495928	0
1	0.518995	0
1	0.542061	0
1	0.565128	0
1	0.588194	0
1	0.61126	0
1	0.634327	0
1	0.657393	0
1	0.68046	0
1	0.703526	0
1	0.726593	0
1	0.749659	0
1	0.772725	0
1	0.795792	0
1	0.818858	0
1	0.841925	0
1	0.864991	0
1	0.888058	0.001
1	0.911124	0.104
1	0.93419	1.253
1	0.957257	8.806
1	0.980323	32.89
1	1.00339	76.899
1	1.02646	131.983
1	1.04952	175.813
1	1.07259	194.101
1	1.09566	186.487
1	1.11872	159.035
1	1.14179	121.021
1	1.16485	85.161
1	1.18792	55.048
1	1.21099	32.416
1	1.23405	18.141
1	1.25712	9.456
1	1.28019	4.604
1	1.30325	2.572
1	1.32632	2.434
1	1.34939	3.526
1	1.37245	6.655
1	1.39552	12.192
1	1.41859	20.85
1	1.44165	32.072
1	1.46472	45.807
1	1.48778	61.372
1	1.51085	73.403
1	1.53392	79.368
1	1.55698	78.346
1	1.58005	70.004
1	1.60312	56.154
1	1.62618	42.417
1	1.64925	29.399
1	1.67232	20.56
1	1.69538	18.596
1	1.71845	25.614
1	1.74152	44.362
1	1.76458	79.334
1	1.78765	131.649
1	1.81071	193.843
1	1.83378	260.122
1	1.85685	309.896
1	1.87991	331.917
1	1.90298	320.757
1	1.92605	279.961
1	1.94911	222.236
1	1.97218	159.196
1	1.99525	108.968
1	2.01831	74.315
1	2.04138	60.338
1	2.06445	67.289
1	2.08751	87.403
1	2.11058	115.982
1	2.13364	143.654
1	2.15671	163.938
1	2.17978	169.07
1	2.20284	154.788
1	2.22591	133.104
1	2.24898	112.715
1	2.27204	99.894
1	2.29511	101.464
2	0.0115332	0
2	0.0345996	0
2	0.0576661	0
2	0.0807325	0
2	0.103799	0
2	0.126865	0
2	0.149932	0
2	0.172998	0
2	0.196065	0
2	0.219131	0
2	0.242198	0
2	0.265264	0
2	0.28833	0
2	0.311397	0
2	0.334463	0
2	0.35753	0
2	0.380596	0
2	0.403663	0
2	0.426729	0
2	0.449795	0
2	0.472862	0
2	0.495928	0
2	0.518995	0
2	0.542061	0
2	0.565128	0
2	0.588194	0
2	0.61126	0
2	0.634327	0
2	0.657393	0
2	0.68046	0
2	0.703526	0
2	0.726593	0
2	0.749659	0
2	0.772725	0
2	0.795792	0
2	0.818858	0
2	0.841925	0
2	0.864991	0
2	0.888058	0.001
2	0.911124	0.096
2	0.93419	1.529
2	0.957257	9.352
2	0.980323	33.513
2	1.00339	78.361
2	1.02646	130.312
2	1.04952	174.562
2	1.07259	193.206
2	1.09566	186.151
2	1.11872	158.434
2	1.14179	121.169
2	1.16485	85.387
2	1.18792	55.539
2	1.21099	32.947
2	1.23405	18.112
2	1.25712	9.614
2	1.28019	4.774
2	1.30325	2.796
2	1.32632	2.579
2	1.34939	3.725
2	1.37245	6.966
2	1.39552	12.267
2	1.41859	20.597
2	1.44165	32.412
2	1.46472	46.506
2	1.48778	61.049
2	1.51085	72.475
2	1.53392	78.919
2	1.55698	77.506
2	1.58005	69.259
2	1.60312	56.966
2	1.62618	42.841
2	1.64925	29.102
2	1.67232	20.907
2	1.69538	18.805
2	1.71845	26.223
2	1.74152	45.508
2	1.76458	79.931
2	1.78765	132.294
2	1.81071	194.366
2	1.83378	258.119
2	1.85685	308.708
2	1.87991	332.039
2	1.90298	318.041
2	1.92605	278.965
2	1.94911	220.753
2	1.97218	160.759
2	1.99525	110.51
2	2.01831	75.811
2	2.04138	62.507
2	2.06445	66.699
2	2.08751	87.48
2	2.11058	115.832
2	2.13364	144.035
2	2.15671	163.297
2	2.17978	167.369
2	2.20284	154.138
2	2.22591	134.063
2	2.24898	114.415
2	2.27204	101.434
2	2.29511	103.159
3	0.0115332	0
3	0.0345996	0
3	0.0576661	0
3	0.0807325	0
3	0.103799	0
3	0.126865	0
3	0.149932	0
3	0.172998	0
3	0.196065	0
3	0.219131	0
3	0.242198	0
3	0.265264	0
3	0.28833	0
3	0.311397	0
3	0.334463	0
3	0.35753	0
3	0.380596	0
3	0.403663	0
3	0.426729	0
3	0.449795	0
3	0.472862	0
3	0.495928	0
3	0.518995	0
3	0.542061	0
3	0.565128	0
3	0.588194	0
3	0.61126	0
3	0.634327	0
3	0.657393	0
3	0.68046	0
3	0.703526	0
3	0.726593	0
3	0.749659	0
3	0.772725	0
3	0.795792	0
3	0.818858	0
3	0.841925	0
3	0.864991	0
3	0.888058	0
3	0.911124	0.12
3	0.93419	1.427
3	0.957257	9.146
3	0.980323	33.7
3	1.00339	77.724
3	1.02646	132.222
3	1.04952	175.353
3	1.07259	193.39
3	1.09566	184.557
3	1.11872	157.177
3	1.14179	120.624
3	1.16485	85.016
3	1.18792	55.208
3	1.21099	33.513
3	1.23405	18.813
3	1.25712	9.83
3	1.28019	4.972
3	1.30325	2.989
3	1.32632	2.532
3	1.34939	3.969
3	1.37245	7.08
3	1.39552	12.41
3	1.41859	21.107
3	1.44165	32.753
3	1.46472	46.232
3	1.48778	60.285
3	1.51085	71.995
3	1.53392	78.345
3	1.55698	77.135
3	1.58005	68.998
3	1.60312	57.104
3	1.62618	42.622
3	1.64925	30.51
3	1.67232	21.39
3	1.69538	19.242
3	1.71845	25.859
3	1.74152	46.56
3	1.76458	80.733
3	1.78765	132.462
3	1.81071	195.216
3	1.83378	258.645
3	1.85685	307.637
3	1.87991	328.462
3	1.90298	316.991
3	1.92605	277.102
3	1.94911	220.507
3	1.97218	161.298
3	1.99525	110.936
3	2.01831	76.69
3	2.04138	63.077
3	2.06445	68.756
3	2.08751	88.772
3	2.11058	116.992
3	2.13364	143.58
3	2.15671	161.365
3	2.17978	166.769
3	2.20284	152.536
3	2.22591	133.021
3	2.24898	114.31
3	2.27204	102.374
3	2.29511	104.787
4	0.0115332	0
4	0.0345996	0
4	0.0576661	0
4	0.0807325	0
4	0.103799	0
4	0.126865	0
4	0.149932	0
4	0.172998	0
4	0.196065	0
4	0.219131	0
4	0.242198	0
4	0.265264	0
4	0.28833	0
4	0.311397	0
4	0.334463	0
4	0.35753	0
4	0.380596	0
4	0.403663	0
4	0.426729	0
4	0.449795	0
4	0.472862	0
4	0.495928	0
4	0.518995	0
4	0.542061	0
4	0.565128	0
4	0.588194	0
4	0.61126	0
4	0.634327	0
4	0.657393	0
4	0.68046	0
4	0.703526	0
4	0.726593	0
4	0.749659	0
4	0.772725	0
4	0.795792	0
4	0.818858	0
4	0.841925	0
4	0.864991	0
4	0.888058	0
4	0.911124	0.116
4	0.93419	1.459
4	0.957257	8.855
4	0.980323	32.873
4	1.00339	76.931
4	1.02646	131.822
4	1.04952	175.369
4	1.07259	195.604
4	1.09566	185.825
4	1.11872	157.722
4	1.14179	120.154
4	1.16485	85.288
4	1.18792	55.587
4	1.21099	33.09
4	1.23405	18.509
4	1.25712	9.443
4	1.28019	4.632
4	1.30325	2.665
4	1.32632	2.381
4	1.34939	3.552
4	1.37245	6.535
4	1.39552	12.22
4	1.41859	21.02
4	1.44165	32.854
4	1.46472	46.76
4	1.48778	60.458
4	1.51085	73.132
4	1.53392	79.043
4	1.55698	77.548
4	1.58005	69.08
4	1.60312	56.478
4	1.62618	42.85
4	1.64925	29.29
4	1.67232	20.648
4	1.69538	18.283
4	1.71845	25.556
4	1.74152	44.618
4	1.76458	79.549
4	1.78765	131.11
4	1.81071	195.739
4	1.83378	259.94
4	1.85685	309.401
4	1.87991	332.078
4	1.90298	320.506
4	1.92605	279.613
4	1.94911	220.598
4	1.97218	160.828
4	1.99525	109.046
4	2.01831	74.758
4	2.04138	61.061
4	2.06445	66.263
4	2.08751	87.166
4	2.11058	116.865
4	2.13364	144.955
4	2.15671	162.818
4	2.17978	167.718
4	2.20284	154.498
4	2.22591	133.849
4	2.24898	113.601
4	2.27204	100.769
4	2.29511	103.83
5	0.0115332	0
5	0.0345996	0
5	0.0576661	0
5	0.0807325	0
5	0.103799	0
5	0.126865	0
5	0.149932	0
5	0.172998	0
5	0.196065	0
5	0.219131	0
5	0.242198	0
5	0.265264	0
5	0.28833	0
5	0.311397	0
5	0.334463	0
5	0.35753	0
5	0.380596	0
5	0.403663	0
5	0.426729	0
5	0.449795	0
5	0.472862	0
5	0.495928	0
5	0.518995	0
5	0.542061	0
5	0.565128	0
5	0.588194	0
5	0.61126	0
5	0.634327	0
5	0.657393	0
5	0.68046	0
5	0.703526	0
5	0.726593	0
5	0.749659	0
5	0.772725	0
5	0.795792	0
5	0.818858	0
5	0.841925	0
5	0.864991	0
5	0.888058	0.006
5	0.911124	0.1
5	0.93419	1.402
5	0.957257	9.149
5	0.980323	33.47
5	1.00339	77.306
5	1.02646	131.637
5	1.04952	175.13
5	1.07259	194.227
5	1.09566	185.533
5	1.11872	158.086
5	1.14179	120.564
5	1.16485	84.807
5	1.18792	55.146
5	1.21099	33.379
5	1.23405	18.512
5	1.25712	9.903
5	1.28019	4.707
5	1.30325	2.928
5	1.32632	2.602
5	1.34939	3.831
5	1.37245	7.317
5	1.39552	12.986
5	1.41859	20.88
5	1.44165	32.269
5	1.46472	46.187
5	1.48778	60.115
5	1.51085	72.199
5	1.53392	78.544
5	1.55698	76.983
5	1.58005	69.225
5	1.60312	56.575
5	1.62618	42.695
5	1.64925	29.789
5	1.67232	21.065
5	1.69538	18.91
5	1.71845	25.607
5	1.74152	45.365
5	1.76458	80.374
5	1.78765	132.864
5	1.81071	195.75
5	1.83378	258.799
5	1.85685	308.094
5	1.87991	330.53
5	1.90298	317.339
5	1.92605	279.72
5	1.94911	220.106
5	1.97218	161.431
5	1.99525	110.185
5	2.01831	76.245
5	2.04138	61.989
5	2.06445	67.335
5	2.08751	88.163
5	2.11058	116.884
5	2.13364	143.874
5	2.15671	162.428
5	2.17978	166.751
5	2.20284	154.131
5	2.22591	134.149
5	2.24898	113.886
5	2.27204	102.772
5	2.29511	104.307
6	0.0115332	0
6	0.0345996	0
6	0.0576661	0
6	0.0807325	0
6	0.103799	0
6	0.126865	0
6	0.149932	0
6	0.172998	0
6	0.196065	0
6	0.219131	0
6	0.242198	0
6	0.265264	0
6	0.28833	0
6	0.311397	0
6	0.334463	0
6	0.35753	0
6	0.380596	0
6	0.403663	0
6	0.426729	0
6	0.449795	0
6	0.472862	0
6	0.495928	0
6	0.518995	0
6	0.542061	0
6	0.565128	0
6	0.588194	0
6	0.61126	0
6	0.634327	0
6	0.657393	0
6	0.68046	0
6	0.703526	0
6	0.726593	0
6	0.749659	0
6	0.772725	0
6	0.795792	0
6	0.818858	0
6	0.841925	0
6	0.864991	0
6	0.888058	0
6	0.911124	0.07
6	0.93419	1.378
6	0.957257	8.895
6	0.980323	32.863
6	1.00339	77.146
6	1.02646	131.492
6	1.04952	176.055
6	1.07259	194.199
6	1.09566	187.45
6	1.11872	159.274
6	1.14179	119.804
6	1.16485	84.189
6	1.18792	54.618
6	1.21099	32.459
6	1.23405	18.188
6	1.25712	9.753
6	1.28019	5.011
6	1.30325	2.852
6	1.32632	2.602
6	1.34939	3.593
6	1.37245	6.696
6	1.39552	12.139
6	1.41859	20.608
6	1.44165	32.282
6	1.46472	46.72
6	1.48778	60.903
6	1.51085	72.987
6	1.53392	78.694
6	1.55698	78.314
6	1.58005	69.871
6	1.60312	56.764
6	1.62618	42.477
6	1.64925	29.349
6	1.67232	20.49
6	1.69538	18.467
6	1.71845	25.386
6	1.74152	44.798
6	1.76458	79.673
6	1.78765	130.823
6	1.81071	194.999
6	1.83378	260.441
6	1.85685	309.923
6	1.87991	330.454
6	1.90298	320.027
6	1.92605	278.892
6	1.94911	221.756
6	1.97218	160.464
6	1.99525	109.535
6	2.01831	76.182
6	2.04138	62.171
6	2.06445	67.514
6	2.08751	87.19
6	2.11058	116.224
6	2.13364	143.653
6	2.15671	162.543
6	2.17978	167.71
6	2.20284	152.782
6	2.22591	132.747
6	2.24898	112.609
6	2.27204	101.678
6	2.29511	103.084
7	0.0115332	0
7	0.0345996	0
7	0.0576661	0
7	0.0807325	0
7	0.103799	0
7	0.126865	0
7	0.149932	0
7	0.172998	0
7	0.196065	0
7	0.219131	0
7	0.242198	0
7	0.265264	0
7	0.28833	0
7	0.311397	0
7	0.334463	0
7	0.35753	0
7	0.380596	0
7	0.403663	0
7	0.426729	0
7	0.449795	0
7	0.472862	0
7	0.495928	0
7	0.518995	0
7	0.542061	0
7	0.565128	0
7	0.588194	0
7	0.61126	0
7	0.634327	0
7	0.657393	0
7	0.68046	0
7	0.703526	0
7	0.726593	0
7	0.749659	0
7	0.772725	0
7	0.795792	0
7	0.818858	0
7	0.841925	0
7	0.864991	0
7	0.888058	0.002
7	0.911124	0.111
7	0.93419	1.378
7	0.957257	8.99
7	0.980323	33.023
7	1.00339	76.991
7	1.02646	130.762
7	1.04952	175.374
7	1.07259	194.705
7	1.09566	187.039
7	1.11872	159.058
7	1.14179	122.339
7	1.16485	85.498
7	1.18792	54.133
7	1.21099	31.98
7	1.23405	17.826
7	1.25712	9.131
7	1.28019	4.84
7	1.30325	2.612
7	1.32632	2.306
7	1.34939	3.485
7	1.37245	6.366
7	1.39552	12.079
7	1.41859	20.342
7	1.44165	32.12
7	1.46472	46.707
7	1.48778	61.225
7	1.51085	73.536
7	1.53392	79.733
7	1.55698	78.661
7	1.58005	70.064
7	1.60312	56.875
7	1.62618	42.226
7	1.64925	29.169
7	1.67232	20.136
7	1.69538	17.606
7	1.71845	24.397
7	1.74152	43.433
7	1.76458	78.376
7	1.78765	129.928
7	1.81071	196.622
7	1.83378	259.485
7	1.85685	312.806
7	1.87991	333.983
7	1.90298	321.508
7	1.92605	281.752
7	1.94911	221.672
7	1.97218	160.047
7	1.99525	107.838
7	2.01831	73.251
7	2.04138	59.781
7	2.06445	64.867
7	2.08751	86.503
7	2.11058	116.144
7	2.13364	144.44
7	2.15671	163.607
7	2.17978	169.856
7	2.20284	155.815
7	2.22591	133.6
7	2.24898	112.396
7	2.27204	99.432
7	2.29511	100.208
8	0.0115332	0
8	0.0345996	0
8	0.0576661	0
8	0.0807325	0
8	0.103799	0
8	0.126865	0
8	0.149932	0
8	0.172998	0
8	0.196065	0
8	0.219131	0
8	0.242198	0
8	0.265264	0
8	0.28833	0
8	0.311397	0
8	0.334463	0
8	0.35753	0
8	0.380596	0
8	0.403663	0
8	0.426729	0
8	0.449795	0
8	0.472862	0
8	0.495928	0
8	0.518995	0
8	0.542061	0
8	0.565128	0
8	0.588194	0
8	0.61126	0
8	0.634327	0
8	0.657393	0
8	0.68046	0
8	0.703526	0
8	0.726593	0
8	0.749659	0
8	0.772725	0
8	0.795792	0
8	0.818858	0
8	0.841925	0
8	0.864991	0
8	0.888058	0
8	0.911124	0.082
8	0.93419	1.451
8	0.957257	9.535
8	0.980323	34.122
8	1.00339	78.04
8	1.02646	131.541
8	1.04952	175.412
8	1.07259	194.057
8	1.09566	184.914
8	1.11872	155.662
8	1.14179	119.834
8	1.16485	83.985
8	1.18792	55.538
8	1.21099	33.754
8	1.23405	19.029
8	1.25712	10.077
8	1.28019	5.52
8	1.30325	3.23
8	1.32632	2.989
8	1.34939	4.176
8	1.37245	7.436
8	1.39552	12.897
8	1.41859	21.179
8	1.44165	32.808
8	1.46472	45.891
8	1.48778	59.892
8	1.51085	71.864
8	1.53392	77.848
8	1.55698	76.179
8	1.58005	68.85
8	1.60312	56.9
8	1.62618	42.368
8	1.64925	30.029
8	1.67232	21.751
8	1.69538	19.657
8	1.71845	27.028
8	1.74152	46.562
8	1.76458	81.322
8	1.78765	133.265
8	1.81071	196.541
8	1.83378	258.7
8	1.85685	306.78
8	1.87991	326.416
8	1.90298	317.294
8	1.92605	274.731
8	1.94911	219.395
8	1.97218	161.227
8	1.99525	111.195
8	2.01831	78.457
8	2.04138	64.18
8	2.06445	69.74
8	2.08751	88.92
8	2.11058	116.838
8	2.13364	143.716
8	2.15671	162.139
8	2.17978	165.974
8	2.20284	152.12
8	2.22591	132.28
8	2.24898	114.033
8	2.27204	104.869
8	2.29511	106.457
9	0.0115332	0
9	0.0345996	0
9	0.0576661	0
9	0.0807325	0
9	0.103799	0
9	0.126865	0
9	0.149932	0
9	0.172998	0
9	0.196065	0
9	0.219131	0
9	0.242198	0
9	0.265264	0
9	0.28833	0
9	0.311397	0
9	0.334463	0
9	0.35753	0
9	0.380596	0
9	0.403663	0
9	0.426729	0
9	0.449795	0
9	0.472862	0
9	0.495928	0
9	0.518995	0
9	0.542061	0
9	0.565128	0
9	0.588194	0
9	0.61126	0
9	0.634327	0
9	0.657393	0
9	0.68046	0
9	0.703526	0
9	0.726593	0
9	0.749659	0
9	0.772725	0
9	0.795792	0
9	0.818858	0
9	0.841925	0
9	0.864991	0
9	0.888058	0.002
9	0.911124	0.072
9	0.93419	1.389
9	0.957257	9.35
9	0.980323	32.587
9	1.00339	76.969
9	1.02646	131.84
9	1.04952	174.891
9	1.07259	194.67
9	1.09566	186.265
9	1.11872	159.269
9	1.14179	122.389
9	1.16485	84.231
9	1.18792	54.312
9	1.21099	32.35
9	1.23405	18.059
9	1.25712	9.476
9	1.28019	4.772
9	1.30325	2.855
9	1.32632	2.45
9	1.34939	3.735
9	1.37245	6.896
9	1.39552	12.306
9	1.41859	20.595
9	1.44165	32.26
9	1.46472	45.845
9	1.48778	61.317
9	1.51085	72.981
9	1.53392	79.142
9	1.55698	78.567
9	1.58005	69.348
9	1.60312	56.624
9	1.62618	42.272
9	1.64925	29.678
9	1.67232	20.573
9	1.69538	18.32
9	1.71845	25.411
9	1.74152	44.214
9	1.76458	79.822
9	1.78765	130.518
9	1.81071	195.323
9	1.83378	258.784
9	1.85685	310.896
9	1.87991	331.934
9	1.90298	322.557
9	1.92605	279.502
9	1.94911	220.467
9	1.97218	159.988
9	1.99525	108.54
9	2.01831	75.03
9	2.04138	60.403
9	2.06445	66.589
9	2.08751	87.607
9	2.11058	116.759
9	2.13364	144.782
9	2.15671	163.964
9	2.17978	169.463
9	2.20284	153.359
9	2.22591	132.646
9	2.24898	112.799
9	2.27204	100.003
9	2.29511	101.819
10	0.0115332	0
10	0.0345996	0
10	0.0576661	0
10	0.0807325	0
10	0.103799	0
10	0.126865	0
10	0.149932	0
10	0.172998	0
10	0.196065	0
10	0.219131	0
10	0.242198	0
10	0.265264	0
10	0.28833	0
10	0.311397	0
10	0.334463	0
10	0.35753	0
10	0.380596	0
10	0.403663	0
10	0.426729	0
10	0.449795	0
10	0.472862	0
10	0.495928	0
10	0.518995	0
10	0.542061	0
10	0.565128	0
10	0.588194	0
10	0.61126	0
10	0.634327	0
10	0.657393	0
10	0.68046	0
10	0.703526	0
10	0.726593	0
10	0.749659	0
10	0.772725	0
10	0.795792	0
10	0.818858	0
10	0.841925	0
10	0.864991	0
10	0.888058	0.001
10	0.911124	0.095
10	0.93419	1.448
10	0.957257	9.396
10	0.980323	33.162
10	1.00339	77.339
10	1.02646	131.832
10	1.04952	175.416
10	1.07259	193.766
10	1.09566	185.548
10	1.11872	157.578
10	1.14179	120.926
10	1.16485	84.965
10	1.18792	54.879
10	1.21099	32.84
10	1.23405	18.788
10	1.25712	9.905
10	1.28019	5.117
10	1.30325	3.015
10	1.32632	2.755
10	1.34939	3.981
10	1.37245	7.251
10	1.39552	12.427
10	1.41859	21.274
10	1.44165	32.531
10	1.46472	46.248
10	1.48778	60.339
10	1.51085	72.057
10	1.53392	77.948
10	1.55698	76.709
10	1.58005	69.145
10	1.60312	55.799
10	1.62618	42.424
10	1.64925	30.501
10	1.67232	21.824
10	1.69538	19.756
10	1.71845	26.262
10	1.74152	45.244
10	1.76458	80.229
10	1.78765	131.951
10	1.81071	194.931
10	1.83378	259.147
10	1.85685	309.42
10	1.87991	329.899
10	1.90298	317.372
10	1.92605	277.386
10	1.94911	219.753
10	1.97218	161.356
10	1.99525	110.491
10	2.01831	77.056
10	2.04138	62.619
10	2.06445	68.082
10	2.08751	88.156
10	2.11058	116.161
10	2.13364	143.79
10	2.15671	162.783
10	2.17978	167.867
10	2.20284	154.176
10	2.22591	133.653
10	2.24898	114.246
10	2.27204	102.268
10	2.29511	105.436
11	0.0115332	0
11	0.0345996	0
11	0.0576661	0
11	0.0807325	0
11	0.103799	0
11	0.126865	0
11	0.149932	0
11	0.172998	0
11	0.196065	0
11	0.219131	0
11	0.242198	0
11	0.265264	0
11	0.28833	0
11	0.311397	0
11	0.334463	0
11	0.35753	0
11	0.380596	0
11	0.403663	0
11	0.426729	0
11	0.449795	0
11	0.472862	0
11	0.495928	0
11	0.518995	0
11	0.542061	0
11	0.565128	0
11	0.588194	0
11	0.61126	0
11	0.634327	0
11	0.657393	0
11	0.68046	0
11	0.703526	0
11	0.726593	0
11	0.749659	0
11	0.772725	0
11	0.795792	0
11	0.818858	0
11	0.841925	0
11	0.864991	0
11	0.888058	0.001
11	0.911124	0.094
11	0.93419	1.294
11	0.957257	9.074
11	0.980323	32.251
11	1.00339	76.976
11	1.02646	130.944
11	1.04952	175.843
11	1.07259	195.671
11	1.09566	187.729
11	1.11872	158.772
11	1.14179	120.871
11	1.16485	84.78
11	1.18792	54.41
11	1.21099	32.326
11	1.23405	18.062
11	1.25712	9.685
11	1.28019	4.599
11	1.30325	2.537
11	1.32632	2.355
11	1.34939	3.59
11	1.37245	6.504
11	1.39552	11.791
11	1.41859	20.532
11	1.44165	32.034
11	1.46472	46.582
11	1.48778	60.637
11	1.51085	73.645
11	1.53392	80.26
11	1.55698	78.628
11	1.58005	70.056
11	1.60312	56.744
11	1.62618	41.878
11	1.64925	29.141
11	1.67232	20.471
11	1.69538	17.913
11	1.71845	24.877
11	1.74152	43.342
11	1.76458	79.189
11	1.78765	131.335
11	1.81071	194.288
11	1.83378	259.348
11	1.85685	309.149
11	1.87991	334.942
11	1.90298	321.362
11	1.92605	282.482
11	1.94911	223.227
11	1.97218	160.229
11	1.99525	106.925
11	2.01831	73.571
11	2.04138	59.428
11	2.06445	66.633
11	2.08751	86.498
11	2.11058	116.32
11	2.13364	144.731
11	2.15671	162.605
11	2.17978	169.013
11	2.20284	154.945
11	2.22591	134.265
11	2.24898	112.848
11	2.27204	100.169
11	2.29511	101.53
12	0.0115332	0
12	0.0345996	0
12	0.0576661	0
12	0.0807325	0
12	0.103799	0
12	0.126865	0
12	0.149932	0
12	0.172998	0
12	0.196065	0
12	0.219131	0
12	0.242198	0
12	0.265264	0
12	0.28833	0
12	0.311397	0
12	0.334463	0
12	0.35753	0
12	0.380596	0
12	0.403663	0
12	0.426729	0
12	0.449795	0
12	0.472862	0
12	0.495928	0
12	0.518995	0
12	0.542061	0
12	0.565128	0
12	0.588194	0
12	0.61126	0
12	0.634327	0
12	0.657393	0
12	0.68046	0
12	0.703526	0
12	0.726593	0
12	0.749659	0
12	0.772725	0
12	0.795792	0
12	0.818858	0
12	0.841925	0
12	0.864991	0
12	0.888058	0.007
12	0.911124	0.104
12	0.93419	1.429
12	0.957257	8.991
12	0.980323	32.812
12	1.00339	76.337
12	1.02646	130.992
12	1.04952	176.119
12	1.07259	195.276
12	1.09566	187.142
12	1.11872	158.576
12	1.14179	121.17
12	1.16485	84.94
12	1.18792	54.509
12	1.21099	32.603
12	1.23405	18.042
12	1.25712	9.503
12	1.28019	4.518
12	1.30325	2.643
12	1.32632	2.483
12	1.34939	3.624
12	1.37245	6.55
12	1.39552	11.946
12	1.41859	20.947
12	1.44165	32.199
12	1.46472	46.73
12	1.48778	61.354
12	1.51085	72.764
12	1.53392	79.297
12	1.55698	78.322
12	1.58005	69.69
12	1.60312	56.821
12	1.62618	41.8
12	1.64925	29.121
12	1.67232	20.575
12	1.69538	18.158
12	1.71845	24.831
12	1.74152	44.743
12	1.76458	79.213
12	1.78765	130.48
12	1.81071	195.786
12	1.83378	260.945
12	1.85685	311.175
12	1.87991	332.501
12	1.90298	320.992
12	1.92605	278.075
12	1.94911	221.346
12	1.97218	160.018
12	1.99525	108.936
12	2.01831	75.363
12	2.04138	60.242
12	2.06445	66.413
12	2.08751	86.584
12	2.11058	115.709
12	2.13364	144.097
12	2.15671	163.311
12	2.17978	169.203
12	2.20284	155.854
12	2.22591	133.829
12	2.24898	112.825
12	2.27204	99.901
12	2.29511	101.904
13	0.0115332	0
13	0.0345996	0
13	0.0576661	0
13	0.0807325	0
13	0.103799	0
13	0.126865	0
13	0.149932	0
13	0.172998	0
13	0.196065	0
13	0.219131	0
13	0.242198	0
13	0.265264	0
13	0.28833	0
13	0.311397	0
13	0.334463	0
13	0.35753	0
13	0.380596	0
13	0.403663	0
13	0.426729	0
13	0.449795	0
13	0.472862	0
13	0.495928	0
13	0.518995	0
13	0.542061	0
13	0.565128	0
13	0.588194	0
13	0.61126	0
13	0.634327	0
13	0.657393	0
13	0.68046	0
13	0.703526	0
13	0.726593	0
13	0.749659	0
13	0.772725	0
13	0.795792	0
13	0.818858	0
13	0.841925	0
13	0.864991	0
13	0.888058	0.003
13	0.911124	0.125
13	0.93419	1.42
13	0.957257	9.377
13	0.980323	33.895
13	1.00339	78.426
13	1.02646	132.184
13	1.04952	175.13
13	1.07259	193.361
13	1.09566	183.964
13	1.11872	156.758
13	1.14179	120.036
13	1.16485	84.483
13	1.18792	55.108
13	1.21099	33.59
13	1.23405	19.333
13	1.25712	10.354
13	1.28019	5.24
13	1.30325	3.07
13	1.32632	2.724
13	1.34939	4.128
13	1.37245	7.305
13	1.39552	12.615
13	1.41859	21.084
13	1.44165	32.627
13	1.46472	46.532
13	1.48778	60.2
13	1.51085	71.838
13	1.53392	78.037
13	1.55698	76.891
13	1.58005	68.995
13	1.60312	56.112
13	1.62618	42.042
13	1.64925	29.994
13	1.67232	21.684
13	1.69538	20.155
13	1.71845	26.781
13	1.74152	46.954
13	1.76458	81.723
13	1.78765	132.593
13	1.81071	193.865
13	1.83378	258.329
13	1.85685	306.94
13	1.87991	328.067
13	1.90298	318.371
13	1.92605	276.604
13	1.94911	219.837
13	1.97218	159.399
13	1.99525	111.243
13	2.01831	78.56
13	2.04138	64.508
13	2.06445	68.995
13	2.08751	89.089
13	2.11058	117.314
13	2.13364	143.533
13	2.15671	160.951
13	2.17978	165.503
13	2.20284	152.051
13	2.22591	132.755
13	2.24898	115.348
13	2.27204	104.568
13	2.29511	106.63
14	0.0115332	0
14	0.0345996	0
14	0.0576661	0
14	0.0807325	0
14	0.103799	0
14	0.126865	0
14	0.149932	0
14	0.172998	0
14	0.196065	0
14	0.219131	0
14	0.242198	0
14	0.265264	0
14	0.28833	0
14	0.311397	0
14	0.334463	0
14	0.35753	0
14	0.380596	0
14	0.403663	0
14	0.426729	0
14	0.449795	0
14	0.472862	0
14	0.495928	0
14	0.518995	0
14	0.542061	0
14	0.565128	0
14	0.588194	0
14	0.61126	0
14	0.634327	0
14	0.657393	0
14	0.68046	0
14	0.703526	0
14	0.726593	0
14	0.749659	0
14	0.772725	0
14	0.795792	0
14	0.818858	0
14	0.841925	0
14	0.864991	0
14	0.888058	0.003
14	0.911124	0.109
14	0.93419	1.469
14	0.957257	9.47
14	0.980323	33.725
14	1.00339	78.178
14	1.02646	130.966
14	1.04952	174.174
14	1.07259	193.605
14	1.09566	186.624
14	1.11872	158.275
14	1.14179	120.663
14	1.16485	84.244
14	1.18792	54.711
14	1.21099	33.081
14	1.23405	18.5
14	1.25712	9.797
14	1.28019	4.962
14	1.30325	3.166
14	1.32632	2.703
14	1.34939	3.725
14	1.37245	6.816
14	1.39552	12.337
14	1.41859	20.732
14	1.44165	32.224
14	1.46472	46.61
14	1.48778	60.303
14	1.51085	73.525
14	1.53392	78.843
14	1.55698	77.785
14	1.58005	69.328
14	1.60312	56.645
14	1.62618	41.779
14	1.64925	29.74
14	1.67232	20.83
14	1.69538	18.924
14	1.71845	25.636
14	1.74152	45.214
14	1.76458	81.003
14	1.78765	131.822
14	1.81071	194.193
14	1.83378	259.997
14	1.85685	308.228
14	1.87991	330.235
14	1.90298	319.565
14	1.92605	278.856
14	1.94911	220.824
14	1.97218	160.303
14	1.99525	109.972
14	2.01831	76.16
14	2.04138	61.647
14	2.06445	67.701
14	2.08751	88.626
14	2.11058	116.414
14	2.13364	145.063
14	2.15671	162.386
14	2.17978	165.584
14	2.20284	153.479
14	2.22591	133.338
14	2.24898	113.861
14	2.27204	102.015
14	2.29511	103.426
15	0.0115332	0
15	0.0345996	0
15	0.0576661	0
15	0.0807325	0
15	0.103799	0
15	0.126865	0
15	0.149932	0
15	0.172998	0
15	0.196065	0
15	0.219131	0
15	0.242198	0
15	0.265264	0
15	0.28833	0
15	0.311397	0
15	0.334463	0
15	0.35753	0
15	0.380596	0
15	0.403663	0
15	0.426729	0
15	0.449795	0
15	0.472862	0
15	0.495928	0
15	0.518995	0
15	0.542061	0
15	0.565128	0
15	0.588194	0
15	0.61126	0
15	0.634327	0
15	0.657393	0
15	0.68046	0
15	0.703526	0
15	0.726593	0
15	0.749659	0
15	0.772725	0
15	0.795792	0
15	0.818858	0
15	0.841925	0
15	0.864991	0
15	0.888058	0.003
15	0.911124	0.092
15	0.93419	1.354
15	0.957257	9.186
15	0.980323	33.236
15	1.00339	77.952
15	1.02646	130.822
15	1.04952	175.414
15	1.07259	193.593
15	1.09566	185.533
15	1.11872	158.266
15	1.14179	121.536
15	1.16485	85.323
15	1.18792	55.294
15	1.21099	33.037
15	1.23405	18.659
15	1.25712	9.412
15	1.28019	4.481
15	1.30325	2.725
15	1.32632	2.38
15	1.34939	3.697
15	1.37245	6.815
15	1.39552	12.173
15	1.41859	20.947
15	1.44165	32.111
15	1.46472	46.747
15	1.48778	60.759
15	1.51085	72.262
15	1.53392	78.989
15	1.55698	78.21
15	1.58005	69.907
15	1.60312	56.779
15	1.62618	42.322
15	1.64925	29.365
15	1.67232	20.68
15	1.69538	18.457
15	1.71845	25.018
15	1.74152	44.453
15	1.76458	79.689
15	1.78765	132.861
15	1.81071	195.319
15	1.83378	259.858
15	1.85685	307.878
15	1.87991	330.611
15	1.90298	320.173
15	1.92605	279.684
15	1.94911	222.64
15	1.97218	161.049
15	1.99525	109.543
15	2.01831	75.267
15	2.04138	61.482
15	2.06445	66.927
15	2.08751	87.081
15	2.11058	115.302
15	2.13364	142.54
15	2.15671	162.476
15	2.17978	168.837
15	2.20284	155.187
15	2.22591	133.586
15	2.24898	113.595
15	2.27204	100.543
15	2.29511	102.317
16	0.0115332	0
16	0.0345996	0
16	0.0576661	0
16	0.0807325	0
16	0.103799	0
16	0.126865	0
16	0.149932	0
16	0.172998	0
16	0.196065	0
16	0.219131	0
16	0.242198	0
16	0.265264	0
16	0.28833	0
16	0.311397	0
16	0.334463	0
16	0.35753	0
16	0.380596	0
16	0.403663	0
16	0.426729	0
16	0.449795	0
16	0.472862	0
16	0.495928	0
16	0.518995	0
16	0.542061	0
16	0.565128	0
16	0.588194	0
16	0.61126	0
16	0.634327	0
16	0.657393	0
16	0.68046	0
16	0.703526	0
16	0.726593	0
16	0.749659	0
16	0.772725	0
16	0.795792	0
16	0.818858	0
16	0.841925	0
16	0.864991	0
16	0.888058	0.008
16	0.911124	0.099
16	0.93419	1.422
16	0.957257	8.918
16	0.980323	32.946
16	1.00339	76.188
16	1.02646	130.947
16	1.04952	175.636
16	1.07259	196.05
16	1.09566	185.651
16	1.11872	159.307
16	1.14179	122.147
16	1.16485	85.325
16	1.18792	54.717
16	1.21099	32.573
16	1.23405	17.741
16	1.25712	9.248
16	1.28019	4.388
16	1.30325	2.538
16	1.32632	2.163
16	1.34939	3.4
16	1.37245	6.782
16	1.39552	12.012
16	1.41859	20.525
16	1.44165	32.199
16	1.46472	46.807
16	1.48778	61.291
16	1.51085	73.206
16	1.53392	79.116
16	1.55698	78.084
16	1.58005	69.965
16	1.60312	57.368
16	1.62618	42.384
16	1.64925	29.321
16	1.67232	20.24
16	1.69538	17.549
16	1.71845	24.913
16	1.74152	43.654
16	1.76458	79.116
16	1.78765	130.793
16	1.81071	196.767
16	1.83378	259.328
16	1.85685	310.61
16	1.87991	332.058
16	1.90298	321.552
16	1.92605	280.482
16	1.94911	222.345
16	1.97218	161.091
16	1.99525	108.515
16	2.01831	73.295
16	2.04138	60.079
16	2.06445	65.289
16	2.08751	87.33
16	2.11058	116.426
16	2.13364	144.586
16	2.15671	162.963
16	2.17978	169.074
16	2.20284	154.784
16	2.22591	133.077
16	2.24898	113.252
16	2.27204	100.497
16	2.29511	101.277
17	0.0115332	0
17	0.0345996	0
17	0.0576661	0
17	0.0807325	0
17	0.103799	0
17	0.126865	0
17	0.149932	0
17	0.172998	0
17	0.196065	0
17	0.219131	0
17	0.242198	0
17	0.265264	0
17	0.28833	0
17	0.311397	0
17	0.334463	0
17	0.35753	0
17	0.380596	0
17	0.403663	0
17	0.426729	0
17	0.449795	0
17	0.472862	0
17	0.495928	0
17	0.518995	0
17	0.542061	0
17	0.565128	0
17	0.588194	0
17	0.61126	0
17	0.634327	0
17	0.657393	0
17	0.68046	0
17	0.703526	0
17	0.726593	0
17	0.749659	0
17	0.772725	0
17	0.795792	0
17	0.818858	0
17	0.841925	0
17	0.864991	0
17	0.888058	0.001
17	0.911124	0.122
17	0.93419	1.316
17	0.957257	9.413
17	0.980323	33.466
17	1.00339	77.802
17	1.02646	131.335
17	1.04952	175.375
17	1.07259	193.364
17	1.09566	185.975
17	1.11872	157.947
17	1.14179	120.428
17	1.16485	84.863
17	1.18792	54.74
17	1.21099	33.234
17	1.23405	18.491
17	1.25712	9.809
17	1.28019	5.182
17	1.30325	3.105
17	1.32632	2.767
17	1.34939	3.864
17	1.37245	6.953
17	1.39552	12.343
17	1.41859	20.653
17	1.44165	31.814
17	1.46472	46.438
17	1.48778	60.754
17	1.51085	72.443
17	1.53392	78.725
17	1.55698	77.682
17	1.58005	69.491
17	1.60312	57.235
17	1.62618	42.575
17	1.64925	29.521
17	1.67232	20.84
17	1.69538	19.157
17	1.71845	25.511
17	1.74152	45.167
17	1.76458	80.085
17	1.78765	131.962
17	1.81071	195.358
17	1.83378	259.691
17	1.85685	307.804
17	1.87991	328.375
17	1.90298	320.227
17	1.92605	278.203
17	1.94911	221.223
17	1.97218	162.077
17	1.99525	109.981
17	2.01831	76.065
17	2.04138	61.984
17	2.06445	67.812
17	2.08751	88.139
17	2.11058	116.117
17	2.13364	143.333
17	2.15671	162.292
17	2.17978	168.133
17	2.20284	153.785
17	2.22591	133.018
17	2.24898	113.957
17	2.27204	101.695
17	2.29511	104.345
18	0.0115332	0
18	0.0345996	0
18	0.0576661	0
18	0.0807325	0
18	0.103799	0
18	0.126865	0
18	0.149932	0
18	0.172998	0
18	0.196065	0
18	0.219131	0
18	0.242198	0
18	0.265264	0
18	0.28833	0
18	0.311397	0
18	0.334463	0
18	0.35753	0
18	0.380596	0
18	0.403663	0
18	0.426729	0
18	0.449795	0
18	0.472862	0
18	0.495928	0
18	0.518995	0
18	0.542061	0
18	0.565128	0
18	0.588194	0
18	0.61126	0
18	0.634327	0
18	0.657393	0
18	0.68046	0
18	0.703526	0
18	0.726593	0
18	0.749659	0
18	0.772725	0
18	0.795792	0
18	0.818858	0
18	0.841925	0
18	0.864991	0
18	0.888058	0.001
18	0.911124	0.133
18	0.93419	1.697
18	0.957257	9.503
18	0.980323	34.104
18	1.00339	77.88
18	1.02646	132.135
18	1.04952	174.968
18	1.07259	192.635
18	1.09566	183.596
18	1.11872	156.693
18	1.14179	120.225
18	1.16485	85.602
18	1.18792	55.494
18	1.21099	34.146
18	1.23405	18.959
18	1.25712	9.881
18	1.28019	5.279
18	1.30325	3.212
18	1.32632	2.842
18	1.34939	4.059
18	1.37245	7.277
18	1.39552	12.55
18	1.41859	20.893
18	1.44165	32.463
18	1.46472	45.83
18	1.48778	60.555
18	1.51085	71.902
18	1.53392	77.737
18	1.55698	76.707
18	1.58005	68.673
18	1.60312	56.861
18	1.62618	42.709
18	1.64925	30.389
18	1.67232	22.135
18	1.69538	20.083
18	1.71845	27.012
18	1.74152	46.083
18	1.76458	81.711
18	1.78765	131.933
18	1.81071	194.127
18	1.83378	257.2
18	1.85685	305.495
18	1.87991	329.462
18	1.90298	316.543
18	1.92605	279.029
18	1.94911	221.449
18	1.97218	161.598
18	1.99525	111.513
18	2.01831	76.044
18	2.04138	63.322
18	2.06445	68.383
18	2.08751	89.575
18	2.11058	115.842
18	2.13364	142.885
18	2.15671	162.621
18	2.17978	165.843
18	2.20284	154.389
18	2.22591	134.173
18	2.24898	114.726
18	2.27204	103.11
18	2.29511	104.513
19	0.0115332	0
19	0.0345996	0
19	0.0576661	0
19	0.0807325	0
19	0.103799	0
19	0.126865	0
19	0.149932	0
19	0.172998	0
19	0.196065	0
19	0.219131	0
19	0.242198	0
19	0.265264	0
19	0.28833	0
19	0.311397	0
19	0.334463	0
19	0.35753	0
19	0.380596	0
19	0.403663	0
19	0.426729	0
19	0.449795	0
19	0.472862	0
19	0.495928	0
19	0.518995	0
19	0.542061	0
19	0.565128	0
19	0.588194	0
19	0.61126	0
19	0.634327	0
19	0.657393	0
19	0.68046	0
19	0.703526	0
19	0.726593	0
19	0.749659	0
19	0.772725	0
19	0.795792	0
19	0.818858	0
19	0.841925	0
19	0.864991	0
19	0.888058	0
19	0.911124	0.097
19	0.93419	1.46
19	0.957257	9.351
19	0.980323	33.665
19	1.00339	77.537
19	1.02646	131.954
19	1.04952	175.244
19	1.07259	193.369
19	1.09566	185.991
19	1.11872	157.794
19	1.14179	119.827
19	1.16485	83.989
19	1.18792	55.346
19	1.21099	32.835
19	1.23405	18.765
19	1.25712	9.969
19	1.28019	5.278
19	1.30325	3.065
19	1.32632	2.726
19	1.34939	4.122
19	1.37245	7.176
19	1.39552	12.698
19	1.41859	21.407
19	1.44165	32.172
19	1.46472	46.338
19	1.48778	60.201
19	1.51085	72.332
19	1.53392	78.242
19	1.55698	76.932
19	1.58005	69.019
19	1.60312	56.426
19	1.62618	42.63
19	1.64925	30.202
19	1.67232	21.407
19	1.69538	19.462
19	1.71845	26.359
19	1.74152	46.282
19	1.76458	81.258
19	1.78765	132.582
19	1.81071	194.645
19	1.83378	257.668
19	1.85685	307.258
19	1.87991	328.597
19	1.90298	318.08
19	1.92605	277.757
19	1.94911	221.153
19	1.97218	161.094
19	1.99525	110.463
19	2.01831	77.767
19	2.04138	63.135
19	2.06445	69.129
19	2.08751	88.886
19	2.11058	116.185
19	2.13364	142.606
19	2.15671	161.615
19	2.17978	166.086
19	2.20284	152.493
19	2.22591	132.88
19	2.24898	114.771
19	2.27204	102.871
19	2.29511	105.815
20	0.0115332	0
20	0.0345996	0
20	0.0576661	0
20	0.0807325	0
20	0.103799	0
20	0.126865	0
20	0.149932	0
20	0.172998	0
20	0.196065	0
20	0.219131	0
20	0.242198	0
20	0.265264	0
20	0.28833	0
20	0.311397	0
20	0.334463	0
20	0.35753	0
20	0.380596	0
20	0.403663	0
20	0.426729	0
20	0.449795	0
20	0.472862	0
20	0.495928	0
20	0.518995	0
20	0.542061	0
20	0.565128	0
20	0.588194	0
20	0.61126	0
20	0.634327	0
20	0.657393	0
20	0.68046	0
20	0.703526	0
20	0.726593	0
20	0.749659	0
20	0.772725	0
20	0.795792	0
20	0.818858	0
20	0.841925	0
20	0.864991	0
20	0.888058	0.001
20	0.911124	0.132
20	0.93419	1.421
20	0.957257	9.419
20	0.980323	33.739
20	1.00339	77.509
20	1.02646	130.981
20	1.04952	175.159
20	1.07259	193.568
20	1.09566	185.877
20	1.11872	158.165
20	1.14179	120.971
20	1.16485	85.172
20	1.18792	54.712
20	1.21099	32.782
20	1.23405	18.385
20	1.25712	9.899
20	1.28019	4.98
20	1.30325	2.852
20	1.32632	2.528
20	1.34939	3.838
20	1.37245	6.858
20	1.39552	12.703
20	1.41859	21.035
20	1.44165	32.202
20	1.46472	46.641
20	1.48778	60.082
20	1.51085	72.348
20	1.53392	79.213
20	1.55698	77.162
20	1.58005	68.964
20	1.60312	56.931
20	1.62618	42.718
20	1.64925	29.981
20	1.67232	21.637
20	1.69538	18.936
20	1.71845	25.781
20	1.74152	45.126
20	1.76458	79.925
20	1.78765	132.095
20	1.81071	195.849
20	1.83378	260.082
20	1.85685	308.513
20	1.87991	329.266
20	1.90298	317.267
20	1.92605	277.9
20	1.94911	221.305
20	1.97218	161.436
20	1.99525	109.768
20	2.01831	76.079
20	2.04138	62.788
20	2.06445	68.69
20	2.08751	88.326
20	2.11058	117.212
20	2.13364	143.431
20	2.15671	161.385
20	2.17978	166.821
20	2.20284	153.653
20	2.22591	131.664
20	2.24898	113.609
20	2.27204	102.62
20	2.29511	104.042
21	0.0115332	0
21	0.0345996	0
21	0.0576661	0
21	0.0807325	0
21	0.103799	0
21	0.126865	0
21	0.149932	0
21	0.172998	0
21	0.196065	0
21	0.219131	0
21	0.242198	0
21	0.265264	0
21	0.28833	0
21	0.311397	0
21	0.334463	0
21	0.35753	0
21	0.380596	0
21	0.403663	0
21	0.426729	0
21	0.449795	0
21	0.472862	0
21	0.495928	0
21	0.518995	0
21	0.542061	0
21	0.565128	0
21	0.588194	0
21	0.61126	0
21	0.634327	0
21	0.657393	0
21	0.68046	0
21	0.703526	0
21	0.726593	0
21	0.749659	0
21	0.772725	0
21	0.795792	0
21	0.818858	0
21	0.841925	0
21	0.864991	0
21	0.888058	0
21	0.911124	0.091
21	0.93419	1.37
21	0.957257	9.128
21	0.980323	32.753
21	1.00339	77.308
21	1.02646	131.181
21	1.04952	176.154
21	1.07259	194.788
21	1.09566	186.997
21	1.11872	158.109
21	1.14179	120.769
21	1.16485	84.296
21	1.18792	54.554
21	1.21099	33.064
21	1.23405	18.333
21	1.25712	9.472
21	1.28019	4.612
21	1.30325	2.677
21	1.32632	2.346
21	1.34939	3.407
21	1.37245	6.578
21	1.39552	11.838
21	1.41859	20.203
21	1.44165	32.232
21	1.46472	46.703
21	1.48778	61.596
21	1.51085	72.195
21	1.53392	80.045
21	1.55698	79.317
21	1.58005	70.134
21	1.60312	57.665
21	1.62618	42.181
21	1.64925	29.18
21	1.67232	19.966
21	1.69538	17.546
21	1.71845	24.766
21	1.74152	43.929
21	1.76458	79.649
21	1.78765	132.734
21	1.81071	195.507
21	1.83378	260.951
21	1.85685	309.435
21	1.87991	331.81
21	1.90298	320.249
21	1.92605	278.854
21	1.94911	221.175
21	1.97218	159.401
21	1.99525	109.043
21	2.01831	75.187
21	2.04138	60.243
21	2.06445	67.001
21	2.08751	87.632
21	2.11058	117.021
21	2.13364	143.987
21	2.15671	163.352
21	2.17978	167.365
21	2.20284	154.815
21	2.22591	132.088
21	2.24898	112.442
21	2.27204	99.622
21	2.29511	100.664
22	0.0115332	0
22	0.0345996	0
22	0.0576661	0
22	0.0807325	0
22	0.103799	0
22	0.126865	0
22	0.149932	0
22	0.172998	0
22	0.196065	0
22	0.219131	0
22	0.242198	0
22	0.265264	0
22	0.28833	0
22	0.311397	0
22	0.334463	0
22	0.35753	0
22	0.380596	0
22	0.403663	0
22	0.426729	0
22	0.449795	0
22	0.472862	0
22	0.495928	0
22	0.518995	0
22	0.542061	0
22	0.565128	0
22	0.588194	0
22	0.61126	0
22	0.634327	0
22	0.657393	0
22	0.68046	0
22	0.703526	0
22	0.726593	0
22	0.749659	0
22	0.772725	0
22	0.795792	0
22	0.818858	0
22	0.841925	0
22	0.864991	0
22	0.888058	0.001
22	0.911124	0.079
22	0.93419	1.225
22	0.957257	9.045
22	0.980323	33.062
22	1.00339	76.851
22	1.02646	131.739
22	1.04952	175.739
22	1.07259	194.32
22	1.09566	186.59
22	1.11872	158.617
22	1.14179	120.699
22	1.16485	85.635
22	1.18792	54.603
22	1.21099	32.641
22	1.23405	18.346
22	1.25712	9.328
22	1.28019	4.862
22	1.30325	2.528
22	1.32632	2.44
22	1.34939	3.55
22	1.37245	6.613
22	1.39552	11.828
22	1.41859	20.703
22	1.44165	32.18
22	1.46472	46.102
22	1.48778	61.282
22	1.51085	73.185
22	1.53392	79.831
22	1.55698	78.435
22	1.58005	69.932
22	1.60312	56.621
22	1.62618	41.93
22	1.64925	29.196
22	1.67232	20.347
22	1.69538	17.925
22	1.71845	24.93
22	1.74152	43.986
22	1.76458	79.683
22	1.78765	131.609
22	1.81071	195.093
22	1.83378	260.052
22	1.85685	309.643
22	1.87991	334.497
22	1.90298	320.664
22	1.92605	280.079
22	1.94911	221.342
22	1.97218	160.024
22	1.99525	108.509
22	2.01831	73.468
22	2.04138	59.549
22	2.06445	66.414
22	2.08751	86.955
22	2.11058	117.002
22	2.13364	145.321
22	2.15671	164.595
22	2.17978	168.007
22	2.20284	155.023
22	2.22591	133.439
22	2.24898	112.265
22	2.27204	100.38
22	2.29511	102.416
23	0.0115332	0
23	0.0345996	0
23	0.0576661	0
23	0.0807325	0
23	0.103799	0
23	0.126865	0
23	0.149932	0
23	0.172998	0
23	0.196065	0
23	0.219131	0
23	0.242198	0
23	0.265264	0
23	0.28833	0
23	0.311397	0
23	0.334463	0
23	0.35753	0
23	0.380596	0
23	0.403663	0
23	0.426729	0
23	0.449795	0
23	0.472862	0
23	0.495928	0
23	0.518995	0
23	0.542061	0
23	0.565128	0
23	0.588194	0
23	0.61126	0
23	0.634327	0
23	0.657393	0
23	0.68046	0
23	0.703526	0
23	0.726593	0
23	0.749659	0
23	0.772725	0
23	0.795792	0
23	0.818858	0
23	0.841925	0
23	0.864991	0
23	0.888058	0.002
23	0.911124	0.114
23	0.93419	1.477
23	0.957257	9.348
23	0.980323	33.469
23	1.00339	77.921
23	1.02646	130.96
23	1.04952	174.552
23	1.07259	193.551
23	1.09566	186.125
23	1.11872	157.463
23	1.14179	121.812
23	1.16485	85.13
23	1.18792	54.735
23	1.21099	33.082
23	1.23405	18.332
23	1.25712	9.99
23	1.28019	5.034
23	1.30325	3.039
23	1.32632	2.515
23	1.34939	3.809
23	1.37245	6.813
23	1.39552	12.327
23	1.41859	20.928
23	1.44165	32.764
23	1.46472	46.869
23	1.48778	60.973
23	1.51085	71.903
23	1.53392	77.918
23	1.55698	76.891
23	1.58005	69.293
23	1.60312	56.278
23	1.62618	43.175
23	1.64925	29.79
23	1.67232	21.292
23	1.69538	19.01
23	1.71845	26.364
23	1.74152	45.714
23	1.76458	80.095
23	1.78765	130.833
23	1.81071	194.823
23	1.83378	258.583
23	1.85685	307.783
23	1.87991	331.933
23	1.90298	318.807
23	1.92605	279.537
23	1.94911	221.484
23	1.97218	159.938
23	1.99525	109.757
23	2.01831	75.344
23	2.04138	62.906
23	2.06445	67.944
23	2.08751	88.292
23	2.11058	115.291
23	2.13364	143.857
23	2.15671	162.55
23	2.17978	167.783
23	2.20284	154.383
23	2.22591	133.096
23	2.24898	114.314
23	2.27204	101.792
23	2.29511	104.294
24	0.0115332	0
24	0.0345996	0
24	0.0576661	0
24	0.0807325	0
24	0.103799	0
24	0.126865	0
24	0.149932	0
24	0.172998	0
24	0.196065	0
24	0.219131	0
24	0.242198	0
24	0.265264	0
24	0.28833	0
24	0.311397	0
24	0.334463	0
24	0.35753	0
24	0.380596	0
24	0.403663	0
24	0.426729	0
24	0.449795	0
24	0.472862	0
24	0.495928	0
24	0.518995	0
24	0.542061	0
24	0.565128	0
24	0.588194	0
24	0.61126	0
24	0.634327	0
24	0.657393	0
24	0.68046	0
24	0.703526	0
24	0.726593	0
24	0.749659	0
24	0.772725	0
24	0.795792	0
24	0.818858	0
24	0.841925	0
24	0.864991	0
24	0.888058	0.002
24	0.911124	0.091
24	0.93419	1.488
24	0.957257	9.405
24	0.980323	33.338
24	1.00339	77.144
24	1.02646	131.724
24	1.04952	175.363
24	1.07259	193.966
24	1.09566	184.787
24	1.11872	158.855
24	1.14179	121.369
24	1.16485	84.442
24	1.18792	55.241
24	1.21099	32.649
24	1.23405	18.196
24	1.25712	9.713
24	1.28019	5.007
24	1.30325	2.771
24	1.32632	2.596
24	1.34939	3.611
24	1.37245	6.511
24	1.39552	11.972
24	1.41859	20.571
24	1.44165	32.816
24	1.46472	46.612
24	1.48778	61.369
24	1.51085	72.509
24	1.53392	79.086
24	1.55698	78.198
24	1.58005	69.564
24	1.60312	57.101
24	1.62618	42.569
24	1.64925	29.546
24	1.67232	21.143
24	1.69538	18.188
24	1.71845	25.407
24	1.74152	45.083
24	1.76458	79.836
24	1.78765	132.029
24	1.81071	193.471
24	1.83378	259.627
24	1.85685	307.307
24	1.87991	331.401
24	1.90298	320.519
24	1.92605	279.597
24	1.94911	221.906
24	1.97218	161.661
24	1.99525	109.384
24	2.01831	75.437
24	2.04138	61.328
24	2.06445	67.081
24	2.08751	87.346
24	2.11058	115.89
24	2.13364	144.194
24	2.15671	162.563
24	2.17978	167.606
24	2.20284	154.079
24	2.22591	132.587
24	2.24898	113.357
24	2.27204	101.715
24	2.29511	101.541
25	0.0115332	0
25	0.0345996	0
25	0.0576661	0
25	0.0807325	0
25	0.103799	0
25	0.126865	0
25	0.149932	0
25	0.172998	0
25	0.196065	0
25	0.219131	0
25	0.242198	0
25	0.265264	0
25	0.28833	0
25	0.311397	0
25	0.334463	0
25	0.35753	0
25	0.380596	0
25	0.403663	0
25	0.426729	0
25	0.449795	0
25	0.472862	0
25	0.495928	0
25	0.518995	0
25	0.542061	0
25	0.565128	0
25	0.588194	0
25	0.61126	0
25	0.634327	0
25	0.657393	0
25	0.68046	0
25	0.703526	0
25	0.726593	0
25	0.749659	0
25	0.772725	0
25	0.795792	0
25	0.818858	0
25	0.841925	0
25	0.864991	0
25	0.888058	0.001
25	0.911124	0.065
25	0.93419	1.387
25	0.957257	9.25
25	0.980323	33.618
25	1.00339	78.125
25	1.02646	131.294
25	1.04952	174.228
25	1.07259	193.196
25	1.09566	185.893
25	1.11872	158.764
25	1.14179	121.892
25	1.16485	84.555
25	1.18792	55.054
25	1.21099	32.879
25	1.23405	18.044
25	1.25712	9.835
25	1.28019	5.049
25	1.30325	2.796
25	1.32632	2.484
25	1.34939	3.718
25	1.37245	6.823
25	1.39552	12.275
25	1.41859	20.594
25	1.44165	32.459
25	1.46472	46.514
25	1.48778	61.255
25	1.51085	73.16
25	1.53392	78.594
25	1.55698	77.204
25	1.58005	69.253
25	1.60312	56.706
25	1.62618	42.245
25	1.64925	29.417
25	1.67232	20.816
25	1.69538	18.886
25	1.71845	26.003
25	1.74152	44.938
25	1.76458	81.011
25	1.78765	132.058
25	1.81071	196.287
25	1.83378	259.683
25	1.85685	307.055
25	1.87991	328.441
25	1.90298	318.971
25	1.92605	279.108
25	1.94911	221.77
25	1.97218	161.245
25	1.99525	110.457
25	2.01831	75.651
25	2.04138	62.3
25	2.06445	67.014
25	2.08751	88.439
25	2.11058	116.1
25	2.13364	143.975
25	2.15671	162.194
25	2.17978	166.866
25	2.20284	153.148
25	2.22591	132.731
25	2.24898	113.69
25	2.27204	102.689
25	2.29511	104.656
26	0.0115332	0
26	0.0345996	0
26	0.0576661	0
26	0.0807325	0
26	0.103799	0
26	0.126865	0
26	0.149932	0
26	0.172998	0
26	0.196065	0
26	0.219131	0
26	0.242198	0
26	0.265264	0
26	0.28833	0
26	0.311397	0
26	0.334463	0
26	0.35753	0
26	0.380596	0
26	0.403663	0
26	0.426729	0
26	0.449795	0
26	0.472862	0
26	0.495928	0
26	0.518995	0
26	0.542061	0
26	0.565128	0
26	0.588194	0
26	0.61126	0
26	0.634327	0
26	0.657393	0
26	0.68046	0
26	0.703526	0
26	0.726593	0
26	0.749659	0
26	0.772725	0
26	0.795792	0
26	0.818858	0
26	0.841925	0
26	0.864991	0
26	0.888058	0.001
26	0.911124	0.088
26	0.93419	1.401
26	0.957257	9.666
26	0.980323	33.281
26	1.00339	77.967
26	1.02646	131.472
26	1.04952	175.16
26	1.07259	193.459
26	1.09566	185.673
26	1.11872	157.115
26	1.14179	120.77
26	1.16485	85.385
26	1.18792	54.264
26	1.21099	33.293
26	1.23405	18.571
26	1.25712	9.731
26	1.28019	5.56
26	1.30325	3.077
26	1.32632	2.512
26	1.34939	3.816
26	1.37245	7.044
26	1.39552	12.27
26	1.41859	21.013
26	1.44165	32.836
26	1.46472	46.073
26	1.48778	60.409
26	1.51085	72.267
26	1.53392	78.843
26	1.55698	77.985
26	1.58005	68.725
26	1.60312	56.919
26	1.62618	42.075
26	1.64925	29.499
26	1.67232	21.573
26	1.69538	19.537
26	1.71845	26.257
26	1.74152	45.703
26	1.76458	80.846
26	1.78765	131.47
26	1.81071	194.947
26	1.83378	258.825
26	1.85685	306.831
26	1.87991	329.835
26	1.90298	317.043
26	1.92605	278.728
26	1.94911	221.761
26	1.97218	160.942
26	1.99525	111.14
26	2.01831	76.786
26	2.04138	63.004
26	2.06445	67.413
26	2.08751	88.201
26	2.11058	116.658
26	2.13364	142.545
26	2.15671	162.138
26	2.17978	168.694
26	2.20284	152.695
26	2.22591	133.929
26	2.24898	113.902
26	2.27204	101.974
26	2.29511	104.064
27	0.0115332	0
27	0.0345996	0
27	0.0576661	0
27	0.0807325	0
27	0.103799	0
27	0.126865	0
27	0.149932	0
27	0.172998	0
27	0.196065	0
27	0.219131	0
27	0.242198	0
27	0.265264	0
27	0.28833	0
27	0.311397	0
27	0.334463	0
27	0.35753	0
27	0.380596	0
27	0.403663	0
27	0.426729	0
27	0.449795	0
27	0.472862	0
27	0.495928	0
27	0.518995	0
27	0.542061	0
27	0.565128	0
27	0.588194	0
27	0.61126	0
27	0.634327	0
27	0.657393	0
27	0.68046	0
27	0.703526	0
27	0.726593	0
27	0.749659	0
27	0.772725	0
27	0.795792	0
27	0.818858	0
27	0.841925	0
27	0.864991	0
27	0.888058	0.003
27	0.911124	0.104
27	0.93419	1.458
27	0.957257	9.295
27	0.980323	34.283
27	1.00339	77.767
27	1.02646	133.391
27	1.04952	175.49
27	1.07259	193.036
27	1.09566	183.171
27	1.11872	155.94
27	1.14179	119.117
27	1.16485	84.798
27	1.18792	55.508
27	1.21099	33.708
27	1.23405	19.566
27	1.25712	10.266
27	1.28019	5.465
27	1.30325	3.396
27	1.32632	2.932
27	1.34939	4.184
27	1.37245	7.324
27	1.39552	12.441
27	1.41859	21.055
27	1.44165	32.614
27	1.46472	46.057
27	1.48778	60.389
27	1.51085	71.767
27	1.53392	78.345
27	1.55698	77.043
27	1.58005	68.913
27	1.60312	56.465
27	1.62618	42.193
27	1.64925	29.9
27	1.67232	21.947
27	1.69538	20.267
27	1.71845	27.381
27	1.74152	46.931
27	1.76458	81.963
27	1.78765	132.559
27	1.81071	194.984
27	1.83378	257.757
27	1.85685	306.377
27	1.87991	325.085
27	1.90298	315.939
27	1.92605	277.283
27	1.94911	220.661
27	1.97218	160.85
27	1.99525	110.502
27	2.01831	78.522
27	2.04138	64.855
27	2.06445	69.546
27	2.08751	90.114
27	2.11058	117.208
27	2.13364	144.048
27	2.15671	161.282
27	2.17978	165.414
27	2.20284	151.69
27	2.22591	133.259
27	2.24898	114.318
27	2.27204	103.618
27	2.29511	105.404
28	0.0115332	0
28	0.0345996	0
28	0.0576661	0
28	0.0807325	0
28	0.103799	0
28	0.126865	0
28	0.149932	0
28	0.172998	0
28	0.196065	0
28	0.219131	0
28	0.242198	0
28	0.265264	0
28	0.28833	0
28	0.311397	0
28	0.334463	0
28	0.35753	0
28	0.380596	0
28	0.403663	0
28	0.426729	0
28	0.449795	0
28	0.472862	0
28	0.495928	0
28	0.518995	0
28	0.542061	0
28	0.565128	0
28	0.588194	0
28	0.61126	0
28	0.634327	0
28	0.657393	0
28	0.68046	0
28	0.703526	0
28	0.726593	0
28	0.749659	0
28	0.772725	0
28	0.795792	0
28	0.818858	0
28	0.841925	0
28	0.864991	0
28	0.888058	0.003
28	0.911124	0.101
28	0.93419	1.287
28	0.957257	9.089
28	0.980323	32.817
28	1.00339	77.613
28	1.02646	131.413
28	1.04952	175.39
28	1.07259	194.49
28	1.09566	186.465
28	1.11872	158.201
28	1.14179	121.906
28	1.16485	83.95
28	1.18792	54.858
28	1.21099	32.635
28	1.23405	18.383
28	1.25712	9.495
28	1.28019	4.929
28	1.30325	2.721
28	1.32632	2.531
28	1.34939	3.753
28	1.37245	6.96
28	1.39552	11.862
28	1.41859	20.495
28	1.44165	32.353
28	1.46472	46.497
28	1.48778	61.131
28	1.51085	73.097
28	1.53392	78.867
28	1.55698	77.734
28	1.58005	70.09
28	1.60312	56.651
28	1.62618	42.156
28	1.64925	29.417
28	1.67232	20.677
28	1.69538	18.59
28	1.71845	25.284
28	1.74152	44.406
28	1.76458	80.185
28	1.78765	131.065
28	1.81071	195.89
28	1.83378	259.955
28	1.85685	308.456
28	1.87991	331.828
28	1.90298	320.444
28	1.92605	278.872
28	1.94911	222.451
28	1.97218	160.427
28	1.99525	108.695
28	2.01831	74.961
28	2.04138	60.992
28	2.06445	67.492
28	2.08751	86.554
28	2.11058	116.532
28	2.13364	143.779
28	2.15671	162.749
28	2.17978	168.047
28	2.20284	155.081
28	2.22591	133.422
28	2.24898	115.356
28	2.27204	100.919
28	2.29511	101.427
29	0.0115332	0
29	0.0345996	0
29	0.0576661	0
29	0.0807325	0
29	0.103799	0
29	0.126865	0
29	0.149932	0
29	0.172998	0
29	0.196065	0
29	0.219131	0
29	0.242198	0
29	0.265264	0
29	0.28833	0
29	0.311397	0
29	0.334463	0
29	0.35753	0
29	0.380596	0
29	0.403663	0
29	0.426729	0
29	0.449795	0
29	0.472862	0
29	0.495928	0
29	0.518995	0
29	0.542061	0
29	0.565128	0
29	0.588194	0
29	0.61126	0
29	0.634327	0
29	0.657393	0
29	0.68046	0
29	0.703526	0
29	0.726593	0
29	0.749659	0
29	0.772725	0
29	0.795792	0
29	0.818858	0
29	0.841925	0
29	0.864991	0
29	0.888058	0.001
29	0.911124	0.061
29	0.93419	1.281
29	0.957257	8.687
29	0.980323	32.631
29	1.00339	77.515
29	1.02646	131.659
29	1.04952	176.36
29	1.07259	195.533
29	1.09566	185.787
29	1.11872	158.293
29	1.14179	120.282
29	1.16485	84.289
29	1.18792	55.2
29	1.21099	32.971
29	1.23405	18.454
29	1.25712	9.202
29	1.28019	4.811
29	1.30325	2.787
29	1.32632	2.485
29	1.34939	3.694
29	1.37245	6.769
29	1.39552	12.274
29	1.41859	21.167
29	1.44165	32.165
29	1.46472	45.951
29	1.48778	60.521
29	1.51085	73.402
29	1.53392	78.593
29	1.55698	77.617
29	1.58005	70.21
29	1.60312	57.05
29	1.62618	42.43
29	1.64925	29.124
29	1.67232	20.878
29	1.69538	18.387
29	1.71845	24.935
29	1.74152	44.139
29	1.76458	79.738
29	1.78765	131.739
29	1.81071	195.267
29	1.83378	260.297
29	1.85685	310.223
29	1.87991	332.151
29	1.90298	319.848
29	1.92605	278.453
29	1.94911	222.449
29	1.97218	161.132
29	1.99525	108.924
29	2.01831	74.058
29	2.04138	61.01
29	2.06445	66.539
29	2.08751	87.221
29	2.11058	115.698
29	2.13364	144.564
29	2.15671	163.382
29	2.17978	169.08
29	2.20284	154.2
29	2.22591	131.825
29	2.24898	113.652
29	2.27204	101.105
29	2.29511	102.498
30	0.0115332	0
30	0.0345996	0
30	0.0576661	0
30	0.0807325	0
30	0.103799	0
30	0.126865	0
30	0.149932	0
30	0.172998	0
30	0.196065	0
30	0.219131	0
30	0.242198	0
30	0.265264	0
30	0.28833	0
30	0.311397	0
30	0.334463	0
30	0.35753	0
30	0.380596	0
30	0.403663	0
30	0.426729	0
30	0.449795	0
30	0.472862	0
30	0.495928	0
30	0.518995	0
30	0.542061	0
30	0.565128	0
30	0.588194	0
30	0.61126	0
30	0.634327	0
30	0.657393	0
30	0.68046	0
30	0.703526	0
30	0.726593	0
30	0.749659	0
30	0.772725	0
30	0.795792	0
30	0.818858	0
30	0.841925	0
30	0.864991	0
30	0.888058	0
30	0.911124	0.073
30	0.93419	1.295
30	0.957257	8.931
30	0.980323	32.717
30	1.00339	76.841
30	1.02646	131.647
30	1.04952	175.301
30	1.07259	195.37
30	1.09566	186.657
30	1.11872	158.708
30	1.14179	121.593
30	1.16485	85.038
30	1.18792	54.88
30	1.21099	32.71
30	1.23405	17.732
30	1.25712	9.234
30	1.28019	4.608
30	1.30325	2.582
30	1.32632	2.189
30	1.34939	3.379
30	1.37245	6.505
30	1.39552	11.991
30	1.41859	20.429
30	1.44165	32.182
30	1.46472	46.639
30	1.48778	61.441
30	1.51085	73.748
30	1.53392	79.355
30	1.55698	78.298
30	1.58005	70.36
30	1.60312	56.675
30	1.62618	41.916
30	1.64925	29.418
30	1.67232	20.561
30	1.69538	17.966
30	1.71845	24.714
30	1.74152	43.481
30	1.76458	78.86
30	1.78765	132.35
30	1.81071	195.128
30	1.83378	259.148
30	1.85685	309.182
30	1.87991	332.951
30	1.90298	323.486
30	1.92605	279.547
30	1.94911	221.8
30	1.97218	160.292
30	1.99525	108.258
30	2.01831	74.52
30	2.04138	60.331
30	2.06445	65.733
30	2.08751	87.368
30	2.11058	115.411
30	2.13364	145.07
30	2.15671	163.972
30	2.17978	169.171
30	2.20284	154.077
30	2.22591	133.225
30	2.24898	112.719
30	2.27204	99.733
30	2.29511	101.996
31	0.0115332	0
31	0.0345996	0
31	0.0576661	0
31	0.0807325	0
31	0.103799	0
31	0.126865	0
31	0.149932	0
31	0.172998	0
31	0.196065	0
31	0.219131	0
31	0.242198	0
31	0.265264	0
31	0.28833	0
31	0.311397	0
31	0.334463	0
31	0.35753	0
31	0.380596	0
31	0.403663	0
31	0.426729	0
31	0.449795	0
31	0.472862	0
31	0.495928	0
31	0.518995	0
31	0.542061	0
31	0.565128	0
31	0.588194	0
31	0.61126	0
31	0.634327	0
31	0.657393	0
31	0.68046	0
31	0.703526	0
31	0.726593	0
31	0.749659	0
31	0.772725	0
31	0.795792	0
31	0.818858	0
31	0.841925	0
31	0.864991	0
31	0.888058	0.003
31	0.911124	0.096
31	0.93419	1.462
31	0.957257	9.471
31	0.980323	32.958
31	1.00339	76.77
31	1.02646	131.379
31	1.04952	174.088
31	1.07259	195.142
31	1.09566	187.107
31	1.11872	158.741
31	1.14179	121.192
31	1.16485	85.166
31	1.18792	54.566
31	1.21099	32.442
31	1.23405	18.402
31	1.25712	9.428
31	1.28019	4.752
31	1.30325	2.551
31	1.32632	2.322
31	1.34939	3.565
31	1.37245	6.754
31	1.39552	12.346
31	1.41859	20.384
31	1.44165	32.11
31	1.46472	46.009
31	1.48778	61.215
31	1.51085	72.831
31	1.53392	80.189
31	1.55698	77.7
31	1.58005	70.29
31	1.60312	56.772
31	1.62618	42.522
31	1.64925	29.598
31	1.67232	20.383
31	1.69538	18.613
31	1.71845	25.222
31	1.74152	44.489
31	1.76458	80.439
31	1.78765	130.675
31	1.81071	195.915
31	1.83378	258.746
31	1.85685	309.473
31	1.87991	332.748
31	1.90298	318.918
31	1.92605	278.443
31	1.94911	220.348
31	1.97218	161.341
31	1.99525	110.518
31	2.01831	75.325
31	2.04138	61.104
31	2.06445	66.558
31	2.08751	87.575
31	2.11058	115.955
31	2.13364	144.439
31	2.15671	162.169
31	2.17978	167.371
31	2.20284	156.031
31	2.22591	132.921
31	2.24898	113.474
31	2.27204	100.955
31	2.29511	101.18
32	0.0115332	0
32	0.0345996	0
32	0.0576661	0
32	0.0807325	0
32	0.103799	0
32	0.126865	0
32	0.149932	0
32	0.172998	0
32	0.196065	0
32	0.219131	0
32	0.242198	0
32	0.265264	0
32	0.28833	0
32	0.311397	0
32	0.334463	0
32	0.35753	0
32	0.380596	0
32	0.403663	0
32	0.426729	0
32	0.449795	0
32	0.472862	0
32	0.495928	0
32	0.518995	0
32	0.542061	0
32	0.565128	0
32	0.588194	0
32	0.61126	0
32	0.634327	0
32	0.657393	0
32	0.68046	0
32	0.703526	0
32	0.726593	0
32	0.749659	0
32	0.772725	0
32	0.795792	0
32	0.818858	0
32	0.841925	0
32	0.864991	0
32	0.888058	0
32	0.911124	0.084
32	0.93419	1.404
32	0.957257	9.223
32	0.980323	33.178
32	1.00339	77.835
32	1.02646	131.648
32	1.04952	174.942
32	1.07259	194.362
32	1.09566	185.827
32	1.11872	157.641
32	1.14179	120.586
32	1.16485	84.372
32	1.18792	55.044
32	1.21099	32.889
32	1.23405	18.969
32	1.25712	9.863
32	1.28019	5.104
32	1.30325	2.873
32	1.32632	2.525
32	1.34939	3.893
32	1.37245	6.916
32	1.39552	12.426
32	1.41859	20.517
32	1.44165	32.567
32	1.46472	46.376
32	1.48778	60.386
32	1.51085	73.02
32	1.53392	78.447
32	1.55698	77.813
32	1.58005	69.527
32	1.60312	56.528
32	1.62618	42.297
32	1.64925	29.936
32	1.67232	21.409
32	1.69538	19.565
32	1.71845	26.535
32	1.74152	45.677
32	1.76458	80.365
32	1.78765	131.556
32	1.81071	194.708
32	1.83378	258.304
32	1.85685	308.423
32	1.87991	329.08
32	1.90298	317.46
32	1.92605	276.682
32	1.94911	222.311
32	1.97218	160.622
32	1.99525	110.673
32	2.01831	76.893
32	2.04138	62.97
32	2.06445	67.801
32	2.08751	88.825
32	2.11058	117.438
32	2.13364	144.252
32	2.15671	162.237
32	2.17978	165.972
32	2.20284	152.088
32	2.22591	132.833
32	2.24898	113.74
32	2.27204	102.386
32	2.29511	104.293
33	0.0115332	0
33	0.0345996	0
33	0.0576661	0
33	0.0807325	0
33	0.103799	0
33	0.126865	0
33	0.149932	0
33	0.172998	0
33	0.196065	0
33	0.219131	0
33	0.242198	0
33	0.265264	0
33	0.28833	0
33	0.311397	0
33	0.334463	0
33	0.35753	0
33	0.380596	0
33	0.403663	0
33	0.426729	0
33	0.449795	0
33	0.472862	0
33	0.495928	0
33	0.518995	0
33	0.542061	0
33	0.565128	0
33	0.588194	0
33	0.61126	0
33	0.634327	0
33	0.657393	0
33	0.68046	0
33	0.703526	0
33	0.726593	0
33	0.749659	0
33	0.772725	0
33	0.795792	0
33	0.818858	0
33	0.841925	0
33	0.864991	0
33	0.888058	0.004
33	0.911124	0.11
33	0.93419	1.452
33	0.957257	9.058
33	0.980323	32.8
33	1.00339	77.568
33	1.02646	131.473
33	1.04952	174.838
33	1.07259	194.809
33	1.09566	186.427
33	1.11872	158.38
33	1.14179	120.543
33	1.16485	85.247
33	1.18792	55.015
33	1.21099	32.621
33	1.23405	18.148
33	1.25712	9.798
33	1.28019	4.714
33	1.30325	2.674
33	1.32632	2.411
33	1.34939	3.783
33	1.37245	6.855
33	1.39552	12.332
33	1.41859	20.573
33	1.44165	32.021
33	1.46472	46.394
33	1.48778	61.471
33	1.51085	72.597
33	1.53392	79.074
33	1.55698	78.57
33	1.58005	69.357
33	1.60312	56.503
33	1.62618	41.861
33	1.64925	29.799
33	1.67232	20.697
33	1.69538	18.934
33	1.71845	25.691
33	1.74152	45.191
33	1.76458	79.407
33	1.78765	131.608
33	1.81071	195.428
33	1.83378	259.272
33	1.85685	308.516
33	1.87991	330.464
33	1.90298	320.63
33	1.92605	279.422
33	1.94911	220.834
33	1.97218	159.529
33	1.99525	109.982
33	2.01831	76.669
33	2.04138	61.174
33	2.06445	67.066
33	2.08751	88.131
33	2.11058	116.522
33	2.13364	143.868
33	2.15671	163.254
33	2.17978	167.412
33	2.20284	153.148
33	2.22591	131.588
33	2.24898	113.465
33	2.27204	102.011
33	2.29511	103.709
34	0.0115332	0
34	0.0345996	0
34	0.0576661	0
34	0.0807325	0
34	0.103799	0
34	0.126865	0
34	0.149932	0
34	0.172998	0
34	0.196065	0
34	0.219131	0
34	0.242198	0
34	0.265264	0
34	0.28833	0
34	0.311397	0
34	0.334463	0
34	0.35753	0
34	0.380596	0
34	0.403663	0
34	0.426729	0
34	0.449795	0
34	0.472862	0
34	0.495928	0
34	0.518995	0
34	0.542061	0
34	0.565128	0
34	0.588194	0
34	0.61126	0
34	0.634327	0
34	0.657393	0
34	0.68046	0
34	0.703526	0
34	0.726593	0
34	0.749659	0
34	0.772725	0
34	0.795792	0
34	0.818858	0
34	0.841925	0
34	0.864991	0
34	0.888058	0
34	0.911124	0.115
34	0.93419	1.349
34	0.957257	9.282
34	0.980323	33.59
34	1.00339	77.508
34	1.02646	132.555
34	1.04952	174.482
34	1.07259	194.9
34	1.09566	184.728
34	1.11872	157.315
34	1.14179	120.282
34	1.16485	84.694
34	1.18792	54.748
34	1.21099	33.158
34	1.23405	18.63
34	1.25712	9.944
34	1.28019	5.257
34	1.30325	3.141
34	1.32632	2.644
34	1.34939	3.96
34	1.37245	6.936
34	1.39552	12.31
34	1.41859	20.924
34	1.44165	32.785
34	1.46472	46.134
34	1.48778	60.557
34	1.51085	72.193
34	1.53392	78.96
34	1.55698	76.981
34	1.58005	69.385
34	1.60312	56.714
34	1.62618	42.757
34	1.64925	29.674
34	1.67232	21.314
34	1.69538	19.413
34	1.71845	26.593
34	1.74152	45.968
34	1.76458	82.131
34	1.78765	132.552
34	1.81071	195.382
34	1.83378	258.238
34	1.85685	306.893
34	1.87991	327.488
34	1.90298	316.599
34	1.92605	277.69
34	1.94911	221.754
34	1.97218	160.549
34	1.99525	109.913
34	2.01831	76.467
34	2.04138	63.39
34	2.06445	69.013
34	2.08751	88.775
34	2.11058	116.741
34	2.13364	143.939
34	2.15671	162.496
34	2.17978	166.905
34	2.20284	152.532
34	2.22591	132.221
34	2.24898	113.93
34	2.27204	102.314
34	2.29511	104.702
35	0.0115332	0
35	0.0345996	0
35	0.0576661	0
35	0.0807325	0
35	0.103799	0
35	0.126865	0
35	0.149932	0
35	0.172998	0
35	0.196065	0
35	0.219131	0
35	0.242198	0
35	0.265264	0
35	0.28833	0
35	0.311397	0
35	0.334463	0
35	0.35753	0
35	0.380596	0
35	0.403663	0
35	0.426729	0
35	0.449795	0
35	0.472862	0
35	0.495928	0
35	0.518995	0
35	0.542061	0
35	0.565128	0
35	0.588194	0
35	0.61126	0
35	0.634327	0
35	0.657393	0
35	0.68046	0
35	0.703526	0
35	0.726593	0
35	0.749659	0
35	0.772725	0
35	0.795792	0
35	0.818858	0
35	0.841925	0
35	0.864991	0
35	0.888058	0
35	0.911124	0.11
35	0.93419	1.497
35	0.957257	8.987
35	0.980323	33.354
35	1.00339	77.144
35	1.02646	131.224
35	1.04952	175.247
35	1.07259	194.795
35	1.09566	186.227
35	1.11872	158.743
35	1.14179	120.616
35	1.16485	83.996
35	1.18792	55.229
35	1.21099	32.793
35	1.23405	18.475
35	1.25712	9.911
35	1.28019	4.901
35	1.30325	2.82
35	1.32632	2.441
35	1.34939	3.875
35	1.37245	6.833
35	1.39552	12.296
35	1.41859	20.943
35	1.44165	32.303
35	1.46472	46.77
35	1.48778	60.742
35	1.51085	72.112
35	1.53392	78.821
35	1.55698	77.175
35	1.58005	68.992
35	1.60312	57.084
35	1.62618	42.944
35	1.64925	29.592
35	1.67232	20.659
35	1.69538	18.998
35	1.71845	25.172
35	1.74152	45.349
35	1.76458	79.037
35	1.78765	131.612
35	1.81071	193.963
35	1.83378	260.892
35	1.85685	308.918
35	1.87991	333.17
35	1.90298	320.399
35	1.92605	278.75
35	1.94911	220.282
35	1.97218	160.835
35	1.99525	109.92
35	2.01831	74.539
35	2.04138	61.306
35	2.06445	66.81
35	2.08751	88.495
35	2.11058	114.82
35	2.13364	144.076
35	2.15671	164.093
35	2.17978	167.877
35	2.20284	153.72
35	2.22591	134.23
35	2.24898	113.783
35	2.27204	101.658
35	2.29511	102.951
36	0.0115332	0
36	0.0345996	0
36	0.0576661	0
36	0.0807325	0
36	0.103799	0
36	0.126865	0
36	0.149932	0
36	0.172998	0
36	0.196065	0
36	0.219131	0
36	0.242198	0
36	0.265264	0
36	0.28833	0
36	0.311397	0
36	0.334463	0
36	0.35753	0
36	0.380596	0
36	0.403663	0
36	0.426729	0
36	0.449795	0
36	0.472862	0
36	0.495928	0
36	0.518995	0
36	0.542061	0
36	0.565128	0
36	0.588194	0
36	0.61126	0
36	0.634327	0
36	0.657393	0
36	0.68046	0
36	0.703526	0
36	0.726593	0
36	0.749659	0
36	0.772725	0
36	0.795792	0
36	0.818858	0
36	0.841925	0
36	0.864991	0
36	0.888058	0
36	0.911124	0.077
36	0.93419	1.415
36	0.957257	9.332
36	0.980323	33.528
36	1.00339	78.096
36	1.02646	131.834
36	1.04952	174.552
36	1.07259	193.669
36	1.09566	185.152
36	1.11872	158.627
36	1.14179	120.778
36	1.16485	84.826
36	1.18792	54.89
36	1.21099	32.612
36	1.23405	18.609
36	1.25712	9.923
36	1.28019	5.117
36	1.30325	2.825
36	1.32632	2.363
36	1.34939	3.669
36	1.37245	6.664
36	1.39552	11.976
36	1.41859	20.321
36	1.44165	32.229
36	1.46472	47.076
36	1.48778	60.945
36	1.51085	72.56
36	1.53392	79.443
36	1.55698	78.215
36	1.58005	70.335
36	1.60312	57.004
36	1.62618	42.054
36	1.64925	28.646
36	1.67232	20.631
36	1.69538	18.628
36	1.71845	25.654
36	1.74152	45.673
36	1.76458	81.013
36	1.78765	132.94
36	1.81071	196.458
36	1.83378	259.9
36	1.85685	305.918
36	1.87991	328.835
36	1.90298	318.182
36	1.92605	277.831
36	1.94911	220.418
36	1.97218	161.815
36	1.99525	109.705
36	2.01831	76.615
36	2.04138	62.287
36	2.06445	69.141
36	2.08751	88.341
36	2.11058	116.917
36	2.13364	143.425
36	2.15671	162.27
36	2.17978	165.531
36	2.20284	153.25
36	2.22591	132.563
36	2.24898	113.052
36	2.27204	100.555
36	2.29511	104.93
37	0.0115332	0
37	0.0345996	0
37	0.0576661	0
37	0.0807325	0
37	0.103799	0
37	0.126865	0
37	0.149932	0
37	0.172998	0
37	0.196065	0
37	0.219131	0
37	0.242198	0
37	0.265264	0
37	0.28833	0
37	0.311397	0
37	0.334463	0
37	0.35753	0
37	0.380596	0
37	0.403663	0
37	0.426729	0
37	0.449795	0
37	0.472862	0
37	0.495928	0
37	0.518995	0
37	0.542061	0
37	0.565128	0
37	0.588194	0
37	0.61126	0
37	0.634327	0
37	0.657393	0
37	0.68046	0
37	0.703526	0
37	0.726593	0
37	0.749659	0
37	0.772725	0
37	0.795792	0
37	0.818858	0
37	0.841925	0
37	0.864991	0
37	0.888058	0.002
37	0.911124	0.081
37	0.93419	1.43
37	0.957257	9.201
37	0.980323	33.118
37	1.00339	77.714
37	1.02646	131.824
37	1.04952	174.508
37	1.07259	193.75
37	1.09566	186.537
37	1.11872	158.333
37	1.14179	121.071
37	1.16485	84.852
37	1.18792	54.72
37	1.21099	32.879
37	1.23405	18.41
37	1.25712	9.603
37	1.28019	5.044
37	1.30325	2.697
37	1.32632	2.56
37	1.34939	3.892
37	1.37245	6.662
37	1.39552	12.318
37	1.41859	20.407
37	1.44165	32.418
37	1.46472	46.381
37	1.48778	61.001
37	1.51085	73.275
37	1.53392	78.985
37	1.55698	77.841
37	1.58005	69.454
37	1.60312	56.516
37	1.62618	42.127
37	1.64925	29.482
37	1.67232	21.026
37	1.69538	18.683
37	1.71845	25.556
37	1.74152	44.902
37	1.76458	79.347
37	1.78765	131.08
37	1.81071	194.16
37	1.83378	258.654
37	1.85685	311.119
37	1.87991	331.851
37	1.90298	320.789
37	1.92605	278.548
37	1.94911	220.573
37	1.97218	161.404
37	1.99525	109.828
37	2.01831	75.587
37	2.04138	62.11
37	2.06445	67.231
37	2.08751	88.598
37	2.11058	116.688
37	2.13364	142.956
37	2.15671	161.432
37	2.17978	166.249
37	2.20284	152.611
37	2.22591	133.161
37	2.24898	114.58
37	2.27204	102.054
37	2.29511	103.795
38	0.0115332	0
38	0.0345996	0
38	0.0576661	0
38	0.0807325	0
38	0.103799	0
38	0.126865	0
38	0.149932	0
38	0.172998	0
38	0.196065	0
38	0.219131	0
38	0.242198	0
38	0.265264	0
38	0.28833	0
38	0.311397	0
38	0.334463	0
38	0.35753	0
38	0.380596	0
38	0.403663	0
38	0.426729	0
38	0.449795	0
38	0.472862	0
38	0.495928	0
38	0.518995	0
38	0.542061	0
38	0.565128	0
38	0.588194	0
38	0.61126	0
38	0.634327	0
38	0.657393	0
38	0.68046	0
38	0.703526	0
38	0.726593	0
38	0.749659	0
38	0.772725	0
38	0.795792	0
38	0.818858	0
38	0.841925	0
38	0.864991	0
38	0.888058	0.005
38	0.911124	0.111
38	0.93419	1.53
38	0.957257	9.328
38	0.980323	33.705
38	1.00339	78.035
38	1.02646	131.045
38	1.04952	174.926
38	1.07259	193.789
38	1.09566	185.864
38	1.11872	156.949
38	1.14179	120.532
38	1.16485	84.834
38	1.18792	54.992
38	1.21099	33.324
38	1.23405	18.544
38	1.25712	10.034
38	1.28019	5.019
38	1.30325	3.051
38	1.32632	2.654
38	1.34939	4.137
38	1.37245	7.194
38	1.39552	12.842
38	1.41859	21.285
38	1.44165	32.389
38	1.46472	45.883
38	1.48778	60.339
38	1.51085	71.796
38	1.53392	78.165
38	1.55698	76.555
38	1.58005	69.335
38	1.60312	57.184
38	1.62618	43.331
38	1.64925	30.025
38	1.67232	21.295
38	1.69538	19.315
38	1.71845	26.122
38	1.74152	45.995
38	1.76458	81.184
38	1.78765	132.531
38	1.81071	196.086
38	1.83378	257.464
38	1.85685	306.129
38	1.87991	328.129
38	1.90298	318.312
38	1.92605	278.623
38	1.94911	220.988
38	1.97218	160.65
38	1.99525	110.922
38	2.01831	76.953
38	2.04138	63.105
38	2.06445	67.951
38	2.08751	88.141
38	2.11058	116.03
38	2.13364	144.106
38	2.15671	162.081
38	2.17978	167.262
38	2.20284	154.395
38	2.22591	132.843
38	2.24898	114.303
38	2.27204	102.575
38	2.29511	104.76
39	0.0115332	0
39	0.0345996	0
39	0.0576661	0
39	0.0807325	0
39	0.103799	0
39	0.126865	0
39	0.149932	0
39	0.172998	0
39	0.196065	0
39	0.219131	0
39	0.242198	0
39	0.265264	0
39	0.28833	0
39	0.311397	0
39	0.334463	0
39	0.35753	0
39	0.380596	0
39	0.403663	0
39	0.426729	0
39	0.449795	0
39	0.472862	0
39	0.495928	0
39	0.518995	0
39	0.542061	0
39	0.565128	0
39	0.588194	0
39	0.61126	0
39	0.634327	0
39	0.657393	0
39	0.68046	0
39	0.703526	0
39	0.726593	0
39	0.749659	0
39	0.772725	0
39	0.795792	0
39	0.818858	0
39	0.841925	0
39	0.864991	0
39	0.888058	0.005
39	0.911124	0.116
39	0.93419	1.477
39	0.957257	9.253
39	0.980323	33.549
39	1.00339	77.166
39	1.02646	131.066
39	1.04952	175.424
39	1.07259	193.505
39	1.09566	186.502
39	1.11872	157.311
39	1.14179	121.287
39	1.16485	85.419
39	1.18792	54.929
39	1.21099	33.137
39	1.23405	18.443
39	1.25712	9.48
39	1.28019	4.961
39	1.30325	2.91
39	1.32632	2.755
39	1.34939	3.845
39	1.37245	6.983
39	1.39552	12.496
39	1.41859	20.574
39	1.44165	32.01
39	1.46472	46.482
39	1.48778	59.557
39	1.51085	72.248
39	1.53392	79.399
39	1.55698	77.852
39	1.58005	70.527
39	1.60312	56.473
39	1.62618	42.379
39	1.64925	29.734
39	1.67232	21.008
39	1.69538	18.724
39	1.71845	25.995
39	1.74152	44.974
39	1.76458	80.536
39	1.78765	130.282
39	1.81071	194.128
39	1.83378	259.825
39	1.85685	308.433
39	1.87991	332.181
39	1.90298	319.305
39	1.92605	280.062
39	1.94911	221.502
39	1.97218	160.199
39	1.99525	109.054
39	2.01831	75.752
39	2.04138	62.052
39	2.06445	66.587
39	2.08751	87.545
39	2.11058	116.674
39	2.13364	143.951
39	2.15671	162.773
39	2.17978	168.052
39	2.20284	154.329
39	2.22591	134.077
39	2.24898	113.788
39	2.27204	99.705
39	2.29511	102.99
40	0.0115332	0
40	0.0345996	0
40	0.0576661	0
40	0.0807325	0
40	0.103799	0
40	0.126865	0
40	0.149932	0
40	0.172998	0
40	0.196065	0
40	0.219131	0
40	0.242198	0
40	0.265264	0
40	0.28833	0
40	0.311397	0
40	0.334463	0
40	0.35753	0
40	0.380596	0
40	0.403663	0
40	0.426729	0
40	0.449795	0
40	0.472862	0
40	0.495928	0
40	0.518995	0
40	0.542061	0
40	0.565128	0
40	0.588194	0
40	0.61126	0
40	0.634327	0
40	0.657393	0
40	0.68046	0
40	0.703526	0
40	0.726593	0
40	0.749659	0
40	0.772725	0
40	0.795792	0
40	0.818858	0
40	0.841925	0
40	0.864991	0
40	0.888058	0.004
40	0.911124	0.088
40	0.93419	1.534
40	0.957257	9.562
40	0.980323	33.826
40	1.00339	77.872
40	1.02646	131.129
40	1.04952	175.797
40	1.07259	192.58
40	1.09566	185.319
40	1.11872	157.241
40	1.14179	120.101
40	1.16485	84.955
40	1.18792	55.326
40	1.21099	33.438
40	1.23405	19.301
40	1.25712	9.674
40	1.28019	5.076
40	1.30325	3.032
40	1.32632	2.593
40	1.34939	3.88
40	1.37245	6.884
40	1.39552	12.608
40	1.41859	20.742
40	1.44165	32.137
40	1.46472	46.409
40	1.48778	60.48
40	1.51085	72.394
40	1.53392	78.923
40	1.55698	77.314
40	1.58005	69.791
40	1.60312	56.906
40	1.62618	42.256
40	1.64925	29.693
40	1.67232	20.854
40	1.69538	19.134
40	1.71845	26.149
40	1.74152	46.755
40	1.76458	81.685
40	1.78765	132.07
40	1.81071	194.529
40	1.83378	258.536
40	1.85685	307.809
40	1.87991	327.743
40	1.90298	317.824
40	1.92605	277.907
40	1.94911	221.282
40	1.97218	160.392
40	1.99525	110.641
40	2.01831	77.019
40	2.04138	62.708
40	2.06445	68.322
40	2.08751	88.483
40	2.11058	116.27
40	2.13364	143.353
40	2.15671	163.294
40	2.17978	166.529
40	2.20284	152.392
40	2.22591	133.155
40	2.24898	113.888
40	2.27204	102.446
40	2.29511	103.984
41	0.0115332	0
41	0.0345996	0
41	0.0576661	0
41	0.0807325	0
41	0.103799	0
41	0.126865	0
41	0.149932	0
41	0.172998	0
41	0.196065	0
41	0.219131	0
41	0.242198	0
41	0.265264	0
41	0.28833	0
41	0.311397	0
41	0.334463	0
41	0.35753	0
41	0.380596	0
41	0.403663	0
41	0.426729	0
41	0.449795	0
41	0.472862	0
41	0.495928	0
41	0.518995	0
41	0.542061	0
41	0.565128	0
41	0.588194	0
41	0.61126	0
41	0.634327	0
41	0.657393	0
41	0.68046	0
41	0.703526	0
41	0.726593	0
41	0.749659	0
41	0.772725	0
41	0.795792	0
41	0.818858	0
41	0.841925	0
41	0.864991	0
41	0.888058	0.001
41	0.911124	0.098
41	0.93419	1.435
41	0.957257	9.484
41	0.980323	33.768
41	1.00339	77.402
41	1.02646	131.58
41	1.04952	175.874
41	1.07259	193.773
41	1.09566	185.438
41	1.11872	156.2
41	1.14179	120.944
41	1.16485	84.376
41	1.18792	54.748
41	1.21099	33.348
41	1.23405	18.978
41	1.25712	10.09
41	1.28019	5.157
41	1.30325	3.045
41	1.32632	2.606
41	1.34939	4.022
41	1.37245	6.995
41	1.39552	12.222
41	1.41859	21.14
41	1.44165	32.551
41	1.46472	46.447
41	1.48778	60.588
41	1.51085	71.799
41	1.53392	78.296
41	1.55698	77.654
41	1.58005	69.462
41	1.60312	56.457
41	1.62618	42.624
41	1.64925	29.595
41	1.67232	21.429
41	1.69538	18.996
41	1.71845	26.995
41	1.74152	46.66
41	1.76458	81.808
41	1.78765	133.373
41	1.81071	194.9
41	1.83378	258.117
41	1.85685	306.664
41	1.87991	327.602
41	1.90298	316.606
41	1.92605	276.74
41	1.94911	220.286
41	1.97218	160.789
41	1.99525	111.517
41	2.01831	77.021
41	2.04138	63.446
41	2.06445	69.374
41	2.08751	89.142
41	2.11058	116.502
41	2.13364	143.584
41	2.15671	162.068
41	2.17978	165.829
41	2.20284	153.201
41	2.22591	132.042
41	2.24898	114.305
41	2.27204	103.575
41	2.29511	105.243
42	0.0115332	0
42	0.0345996	0
42	0.0576661	0
42	0.0807325	0
42	0.103799	0
42	0.126865	0
42	0.149932	0
42	0.172998	0
42	0.196065	0
42	0.219131	0
42	0.242198	0
42	0.265264	0
42	0.28833	0
42	0.311397	0
42	0.334463	0
42	0.35753	0
42	0.380596	0
42	0.403663	0
42	0.426729	0
42	0.449795	0
42	0.472862	0
42	0.495928	0
42	0.518995	0
42	0.542061	0
42	0.565128	0
42	0.588194	0
42	0.61126	0
42	0.634327	0
42	0.657393	0
42	0.68046	0
42	0.703526	0
42	0.726593	0
42	0.749659	0
42	0.772725	0
42	0.795792	0
42	0.818858	0
42	0.841925	0
42	0.864991	0
42	0.888058	0.002
42	0.911124	0.086
42	0.93419	1.446
42	0.957257	9.211
42	0.980323	33.401
42	1.00339	78.196
42	1.02646	131.64
42	1.04952	176.155
42	1.07259	194.154
42	1.09566	184.046
42	1.11872	156.285
42	1.14179	120.269
42	1.16485	85.005
42	1.18792	55.248
42	1.21099	33.192
42	1.23405	18.651
42	1.25712	10.371
42	1.28019	5.625
42	1.30325	3.021
42	1.32632	2.85
42	1.34939	4.218
42	1.37245	7.117
42	1.39552	12.078
42	1.41859	20.825
42	1.44165	32.723
42	1.46472	46.2
42	1.48778	60.848
42	1.51085	72.259
42	1.53392	78.094
42	1.55698	76.851
42	1.58005	68.527
42	1.60312	56.301
42	1.62618	42.63
42	1.64925	30.043
42	1.67232	21.626
42	1.69538	19.578
42	1.71845	26.923
42	1.74152	46.505
42	1.76458	80.721
42	1.78765	131.603
42	1.81071	195.151
42	1.83378	256.718
42	1.85685	307.83
42	1.87991	330.019
42	1.90298	317.424
42	1.92605	277.918
42	1.94911	221.678
42	1.97218	160.865
42	1.99525	109.846
42	2.01831	77.058
42	2.04138	63.21
42	2.06445	69.124
42	2.08751	88.365
42	2.11058	116.526
42	2.13364	144.214
42	2.15671	161.733
42	2.17978	166.423
42	2.20284	152.381
42	2.22591	133.138
42	2.24898	115.05
42	2.27204	102.949
42	2.29511	104.998
43	0.0115332	0
43	0.0345996	0
43	0.0576661	0
43	0.0807325	0
43	0.103799	0
43	0.126865	0
43	0.149932	0
43	0.172998	0
43	0.196065	0
43	0.219131	0
43	0.242198	0
43	0.265264	0
43	0.28833	0
43	0.311397	0
43	0.334463	0
43	0.35753	0
43	0.380596	0
43	0.403663	0
43	0.426729	0
43	0.449795	0
43	0.472862	0
43	0.495928	0
43	0.518995	0
43	0.542061	0
43	0.565128	0
43	0.588194	0
43	0.61126	0
43	0.634327	0
43	0.657393	0
43	0.68046	0
43	0.703526	0
43	0.726593	0
43	0.749659	0
43	0.772725	0
43	0.795792	0
43	0.818858	0
43	0.841925	0
43	0.864991	0
43	0.888058	0.004
43	0.911124	0.088
43	0.93419	1.399
43	0.957257	9.273
43	0.980323	33.623
43	1.00339	78.556
43	1.02646	131.005
43	1.04952	176.404
43	1.07259	193.105
43	1.09566	184.124
43	1.11872	157.044
43	1.14179	120.4
43	1.16485	84.533
43	1.18792	55.375
43	1.21099	33.529
43	1.23405	18.939
43	1.25712	10.139
43	1.28019	5.001
43	1.30325	3.13
43	1.32632	2.72
43	1.34939	4.24
43	1.37245	7.243
43	1.39552	12.633
43	1.41859	21.572
43	1.44165	32.613
43	1.46472	46.724
43	1.48778	60.143
43	1.51085	71.266
43	1.53392	76.981
43	1.55698	76.946
43	1.58005	69.261
43	1.60312	56.487
43	1.62618	42.701
43	1.64925	30.319
43	1.67232	22.039
43	1.69538	19.305
43	1.71845	27.083
43	1.74152	46.619
43	1.76458	81.942
43	1.78765	131.653
43	1.81071	195.043
43	1.83378	257.643
43	1.85685	306.618
43	1.87991	326.781
43	1.90298	317.894
43	1.92605	277.778
43	1.94911	220.687
43	1.97218	161.332
43	1.99525	111.665
43	2.01831	77.804
43	2.04138	64.314
43	2.06445	68.919
43	2.08751	89.121
43	2.11058	116.963
43	2.13364	143.529
43	2.15671	160.757
43	2.17978	164.634
43	2.20284	151.455
43	2.22591	132.658
43	2.24898	114.076
43	2.27204	104.305
43	2.29511	106.653
44	0.0115332	0
44	0.0345996	0
44	0.0576661	0
44	0.0807325	0
44	0.103799	0
44	0.126865	0
44	0.149932	0
44	0.172998	0
44	0.196065	0
44	0.219131	0
44	0.242198	0
44	0.265264	0
44	0.28833	0
44	0.311397	0
44	0.334463	0
44	0.35753	0
44	0.380596	0
44	0.403663	0
44	0.426729	0
44	0.449795	0
44	0.472862	0
44	0.495928	0
44	0.518995	0
44	0.542061	0
44	0.565128	0
44	0.588194	0
44	0.61126	0
44	0.634327	0
44	0.657393	0
44	0.68046	0
44	0.703526	0
44	0.726593	0
44	0.749659	0
44	0.772725	0
44	0.795792	0
44	0.818858	0
44	0.841925	0
44	0.864991	0
44	0.888058	0.005
44	0.911124	0.107
44	0.93419	1.373
44	0.957257	9.265
44	0.980323	33.215
44	1.00339	78.091
44	1.02646	132.218
44	1.04952	175.454
44	1.07259	193.198
44	1.09566	184.742
44	1.11872	156.946
44	1.14179	121.362
44	1.16485	84.849
44	1.18792	55.128
44	1.21099	33.402
44	1.23405	18.656
44	1.25712	9.953
44	1.28019	5.067
44	1.30325	2.986
44	1.32632	2.71
44	1.34939	3.884
44	1.37245	6.993
44	1.39552	12.579
44	1.41859	20.97
44	1.44165	32.866
44	1.46472	46.647
44	1.48778	60.073
44	1.51085	71.852
44	1.53392	77.801
44	1.55698	76.653
44	1.58005	69.372
44	1.60312	57.067
44	1.62618	42.484
44	1.64925	30.264
44	1.67232	21.437
44	1.69538	19.951
44	1.71845	26.331
44	1.74152	45.103
44	1.76458	80.712
44	1.78765	131.493
44	1.81071	194.206
44	1.83378	257.498
44	1.85685	308.037
44	1.87991	330.791
44	1.90298	318.757
44	1.92605	278.236
44	1.94911	221.936
44	1.97218	162.077
44	1.99525	109.748
44	2.01831	76.405
44	2.04138	61.875
44	2.06445	67.961
44	2.08751	88.755
44	2.11058	116.702
44	2.13364	144.057
44	2.15671	161.081
44	2.17978	167.386
44	2.20284	152.424
44	2.22591	132.807
44	2.24898	114.849
44	2.27204	103.163
44	2.29511	105.778
45	0.0115332	0
45	0.0345996	0
45	0.0576661	0
45	0.0807325	0
45	0.103799	0
45	0.126865	0
45	0.149932	0
45	0.172998	0
45	0.196065	0
45	0.219131	0
45	0.242198	0
45	0.265264	0
45	0.28833	0
45	0.311397	0
45	0.334463	0
45	0.35753	0
45	0.380596	0
45	0.403663	0
45	0.426729	0
45	0.449795	0
45	0.472862	0
45	0.495928	0
45	0.518995	0
45	0.542061	0
45	0.565128	0
45	0.588194	0
45	0.61126	0
45	0.634327	0
45	0.657393	0
45	0.68046	0
45	0.703526	0
45	0.726593	0
45	0.749659	0
45	0.772725	0
45	0.795792	0
45	0.818858	0
45	0.841925	0
45	0.864991	0
45	0.888058	0.006
45	0.911124	0.14
45	0.93419	1.453
45	0.957257	9.659
45	0.980323	33.556
45	1.00339	78.023
45	1.02646	130.96
45	1.04952	175.433
45	1.07259	193.525
45	1.09566	184.583
45	1.11872	157.528
45	1.14179	120.909
45	1.16485	85.004
45	1.18792	55.137
45	1.21099	33.689
45	1.23405	18.547
45	1.25712	9.637
45	1.28019	5.189
45	1.30325	2.844
45	1.32632	2.603
45	1.34939	3.85
45	1.37245	6.67
45	1.39552	12.316
45	1.41859	20.679
45	1.44165	32.743
45	1.46472	46.507
45	1.48778	60.225
45	1.51085	73.269
45	1.53392	79.093
45	1.55698	77.925
45	1.58005	68.538
45	1.60312	56.309
45	1.62618	42.352
45	1.64925	29.552
45	1.67232	21.171
45	1.69538	19.393
45	1.71845	26.356
45	1.74152	46.038
45	1.76458	81.095
45	1.78765	132.971
45	1.81071	195.519
45	1.83378	256.995
45	1.85685	306.435
45	1.87991	329.137
45	1.90298	317.611
45	1.92605	278.549
45	1.94911	220.558
45	1.97218	161.87
45	1.99525	110.778
45	2.01831	77.047
45	2.04138	63.39
45	2.06445	68.058
45	2.08751	87.739
45	2.11058	115.974
45	2.13364	144.142
45	2.15671	162.681
45	2.17978	165.762
45	2.20284	152.851
45	2.22591	133.602
45	2.24898	113.833
45	2.27204	102.27
45	2.29511	103.648
46	0.0115332	0
46	0.0345996	0
46	0.0576661	0
46	0.0807325	0
46	0.103799	0
46	0.126865	0
46	0.149932	0
46	0.172998	0
46	0.196065	0
46	0.219131	0
46	0.242198	0
46	0.265264	0
46	0.28833	0
46	0.311397	0
46	0.334463	0
46	0.35753	0
46	0.380596	0
46	0.403663	0
46	0.426729	0
46	0.449795	0
46	0.472862	0
46	0.495928	0
46	0.518995	0
46	0.542061	0
46	0.565128	0
46	0.588194	0
46	0.61126	0
46	0.634327	0
46	0.657393	0
46	0.68046	0
46	0.703526	0
46	0.726593	0
46	0.749659	0
46	0.772725	0
46	0.795792	0
46	0.818858	0
46	0.841925	0
46	0.864991	0
46	0.888058	0.005
46	0.911124	0.097
46	0.93419	1.448
46	0.957257	9.165
46	0.980323	33.225
46	1.00339	78.006
46	1.02646	131.141
46	1.04952	174.515
46	1.07259	193.818
46	1.09566	186.057
46	1.11872	157.789
46	1.14179	121.335
46	1.16485	85.593
46	1.18792	55.526
46	1.21099	33.046
46	1.23405	18.301
46	1.25712	9.527
46	1.28019	4.652
46	1.30325	2.729
46	1.32632	2.467
46	1.34939	3.836
46	1.37245	7.023
46	1.39552	12.744
46	1.41859	20.83
46	1.44165	32.943
46	1.46472	45.981
46	1.48778	60.114
46	1.51085	72.599
46	1.53392	77.812
46	1.55698	77.133
46	1.58005	69.552
46	1.60312	57.516
46	1.62618	42.378
46	1.64925	29.984
46	1.67232	21.07
46	1.69538	18.627
46	1.71845	25.761
46	1.74152	45.386
46	1.76458	80.658
46	1.78765	132.445
46	1.81071	194.439
46	1.83378	258.718
46	1.85685	307.664
46	1.87991	328.743
46	1.90298	319.544
46	1.92605	279.86
46	1.94911	223.563
46	1.97218	161.576
46	1.99525	109.618
46	2.01831	74.836
46	2.04138	61.715
46	2.06445	66.826
46	2.08751	87.502
46	2.11058	116.677
46	2.13364	144.609
46	2.15671	163.142
46	2.17978	166.881
46	2.20284	153.001
46	2.22591	133.215
46	2.24898	114.926
46	2.27204	101.763
46	2.29511	104.69
47	0.0115332	0
47	0.0345996	0
47	0.0576661	0
47	0.0807325	0
47	0.103799	0
47	0.126865	0
47	0.149932	0
47	0.172998	0
47	0.196065	0
47	0.219131	0
47	0.242198	0
47	0.265264	0
47	0.28833	0
47	0.311397	0
47	0.334463	0
47	0.35753	0
47	0.380596	0
47	0.403663	0
47	0.426729	0
47	0.449795	0
47	0.472862	0
47	0.495928	0
47	0.518995	0
47	0.542061	0
47	0.565128	0
47	0.588194	0
47	0.61126	0
47	0.634327	0
47	0.657393	0
47	0.68046	0
47	0.703526	0
47	0.726593	0
47	0.749659	0
47	0.772725	0
47	0.795792	0
47	0.818858	0
47	0.841925	0
47	0.864991	0
47	0.888058	0.005
47	0.911124	0.142
47	0.93419	1.546
47	0.957257	9.436
47	0.980323	33.757
47	1.00339	77.606
47	1.02646	131.608
47	1.04952	174.402
47	1.07259	193.607
47	1.09566	185.562
47	1.11872	157.228
47	1.14179	120.724
47	1.16485	85.355
47	1.18792	54.684
47	1.21099	33.615
47	1.23405	18.755
47	1.25712	10.005
47	1.28019	5.138
47	1.30325	2.807
47	1.32632	2.43
47	1.34939	3.801
47	1.37245	6.823
47	1.39552	12.306
47	1.41859	20.719
47	1.44165	32.374
47	1.46472	46.678
47	1.48778	60.462
47	1.51085	72.56
47	1.53392	79.267
47	1.55698	77.681
47	1.58005	69.396
47	1.60312	56.666
47	1.62618	41.877
47	1.64925	29.701
47	1.67232	21.019
47	1.69538	19.606
47	1.71845	26.04
47	1.74152	45.465
47	1.76458	80.663
47	1.78765	130.799
47	1.81071	194.843
47	1.83378	259.786
47	1.85685	309.125
47	1.87991	330.187
47	1.90298	317.872
47	1.92605	277.211
47	1.94911	221.111
47	1.97218	161.168
47	1.99525	109.884
47	2.01831	76.917
47	2.04138	62.503
47	2.06445	67.236
47	2.08751	87.792
47	2.11058	115.387
47	2.13364	142.858
47	2.15671	163.28
47	2.17978	167.969
47	2.20284	153.907
47	2.22591	134.038
47	2.24898	113.362
47	2.27204	102.905
47	2.29511	104.295
48	0.0115332	0
48	0.0345996	0
48	0.0576661	0
48	0.0807325	0
48	0.103799	0
48	0.126865	0
48	0.149932	0
48	0.172998	0
48	0.196065	0
48	0.219131	0
48	0.242198	0
48	0.265264	0
48	0.28833	0
48	0.311397	0
48	0.334463	0
48	0.35753	0
48	0.380596	0
48	0.403663	0
48	0.426729	0
48	0.449795	0
48	0.472862	0
48	0.495928	0
48	0.518995	0
48	0.542061	0
48	0.565128	0
48	0.588194	0
48	0.61126	0
48	0.634327	0
48	0.657393	0
48	0.68046	0
48	0.703526	0
48	0.726593	0
48	0.749659	0
48	0.772725	0
48	0.795792	0
48	0.818858	0
48	0.841925	0
48	0.864991	0
48	0.888058	0.002
48	0.911124	0.078
48	0.93419	1.387
48	0.957257	9.352
48	0.980323	33.039
48	1.00339	77.356
48	1.02646	131.59
48	1.04952	175.208
48	1.07259	193.407
48	1.09566	186.311
48	1.11872	158.65
48	1.14179	122.007
48	1.16485	84.776
48	1.18792	54.375
48	1.21099	32.716
48	1.23405	18.195
48	1.25712	9.748
48	1.28019	5.029
48	1.30325	2.786
48	1.32632	2.577
48	1.34939	3.525
48	1.37245	6.654
48	1.39552	11.878
48	1.41859	20.379
48	1.44165	32.564
48	1.46472	46.701
48	1.48778	60.718
48	1.51085	73.065
48	1.53392	78.69
48	1.55698	78.844
48	1.58005	69.533
48	1.60312	56.882
48	1.62618	42.171
48	1.64925	29.451
48	1.67232	20.702
48	1.69538	18.788
48	1.71845	25.423
48	1.74152	44.29
48	1.76458	79.097
48	1.78765	131.29
48	1.81071	194.91
48	1.83378	258.819
48	1.85685	310.869
48	1.87991	331.09
48	1.90298	321.49
48	1.92605	279.371
48	1.94911	222.289
48	1.97218	159.485
48	1.99525	109.201
48	2.01831	74.757
48	2.04138	61.723
48	2.06445	66.079
48	2.08751	87.573
48	2.11058	115.779
48	2.13364	144.816
48	2.15671	162.009
48	2.17978	167.869
48	2.20284	155.904
48	2.22591	133.585
48	2.24898	113.991
48	2.27204	101.374
48	2.29511	100.715
49	0.0115332	0
49	0.0345996	0
49	0.0576661	0
49	0.0807325	0
49	0.103799	0
49	0.126865	0
49	0.149932	0
49	0.172998	0
49	0.196065	0
49	0.219131	0
49	0.242198	0
49	0.265264	0
49	0.28833	0
49	0.311397	0
49	0.334463	0
49	0.35753	0
49	0.380596	0
49	0.403663	0
49	0.426729	0
49	0.449795	0
49	0.472862	0
49	0.495928	0
49	0.518995	0
49	0.542061	0
49	0.565128	0
49	0.588194	0
49	0.61126	0
49	0.634327	0
49	0.657393	0
49	0.68046	0
49	0.703526	0
49	0.726593	0
49	0.749659	0
49	0.772725	0
49	0.795792	0
49	0.818858	0
49	0.841925	0
49	0.864991	0
49	0.888058	0.002
49	0.911124	0.085
49	0.93419	1.377
49	0.957257	9.031
49	0.980323	32.486
49	1.00339	77.418
49	1.02646	130.766
49	1.04952	176.399
49	1.07259	194.974
49	1.09566	187.477
49	1.11872	157.514
49	1.14179	120.989
49	1.16485	84.578
49	1.18792	54.111
49	1.21099	32.791
49	1.23405	18.13
49	1.25712	9.655
49	1.28019	4.987
49	1.30325	2.973
49	1.32632	2.555
49	1.34939	3.782
49	1.37245	6.918
49	1.39552	12.158
49	1.41859	20.665
49	1.44165	32.876
49	1.46472	46.508
49	1.48778	60.534
49	1.51085	73.357
49	1.53392	78.281
49	1.55698	77.617
49	1.58005	69.015
49	1.60312	56.443
49	1.62618	42.43
49	1.64925	30.071
49	1.67232	21.074
49	1.69538	19.044
49	1.71845	25.991
49	1.74152	44.679
49	1.76458	79.235
49	1.78765	131.987
49	1.81071	194.52
49	1.83378	259.185
49	1.85685	309.514
49	1.87991	331.473
49	1.90298	318.816
49	1.92605	279.069
49	1.94911	221.09
49	1.97218	161.772
49	1.99525	108.878
49	2.01831	75.834
49	2.04138	61.361
49	2.06445	66.408
49	2.08751	87.5
49	2.11058	117.741
49	2.13364	145.223
49	2.15671	162.217
49	2.17978	168.266
49	2.20284	153.733
49	2.22591	132.812
49	2.24898	112.57
49	2.27204	101.281
49	2.29511	103.947
50	0.0115332	0
50	0.0345996	0
50	0.0576661	0
50	0.0807325	0
50	0.103799	0
50	0.126865	0
50	0.149932	0
50	0.172998	0
50	0.196065	0
50	0.219131	0
50	0.242198	0
50	0.265264	0
50	0.28833	0
50	0.311397	0
50	0.334463	0
50	0.35753	0
50	0.380596	0
50	0.403663	0
50	0.426729	0
50	0.449795	0
50	0.472862	0
50	0.495928	0
50	0.518995	0
50	0.542061	0
50	0.565128	0
50	0.588194	0
50	0.61126	0
50	0.634327	0
50	0.657393	0
50	0.68046	0
50	0.703526	0
50	0.726593	0
50	0.749659	0
50	0.772725	0
50	0.795792	0
50	0.818858	0
50	0.841925	0
50	0.864991	0
50	0.888058	0.004
50	0.911124	0.081
50	0.93419	1.363
50	0.957257	9.223
50	0.980323	33.372
50	1.00339	77.787
50	1.02646	131.533
50	1.04952	173.907
50	1.07259	194.713
50	1.09566	186.135
50	1.11872	157.784
50	1.14179	121.681
50	1.16485	85.195
50	1.18792	54.663
50	1.21099	32.662
50	1.23405	18.394
50	1.25712	9.698
50	1.28019	4.88
50	1.30325	2.822
50	1.32632	2.558
50	1.34939	3.659
50	1.37245	6.788
50	1.39552	12.462
50	1.41859	20.907
50	1.44165	32.605
50	1.46472	45.852
50	1.48778	60.513
50	1.51085	72.218
50	1.53392	79.02
50	1.55698	77.863
50	1.58005	70.332
50	1.60312	56.782
50	1.62618	42.151
50	1.64925	29.503
50	1.67232	20.885
50	1.69538	18.684
50	1.71845	25.63
50	1.74152	44.698
50	1.76458	79.573
50	1.78765	131.273
50	1.81071	194.613
50	1.83378	259.306
50	1.85685	309.496
50	1.87991	331.66
50	1.90298	320.592
50	1.92605	278.346
50	1.94911	222.017
50	1.97218	161.192
50	1.99525	110.012
50	2.01831	75.314
50	2.04138	61.113
50	2.06445	66.804
50	2.08751	87.152
50	2.11058	116.076
50	2.13364	144.073
50	2.15671	162.615
50	2.17978	168.571
50	2.20284	154.803
50	2.22591	132.948
50	2.24898	113.684
50	2.27204	100.871
50	2.29511	102.758
