4.19809e-12	0	0
1.25943e-11	0	0
2.09905e-11	0	0
2.93866e-11	0	0
3.77828e-11	0	0
4.6179e-11	0	0
5.45752e-11	0	0
6.29714e-11	0	0
7.13675e-11	0	0
7.97637e-11	0	0
8.81599e-11	0	0
9.65561e-11	0	0
1.04952e-10	0	0
1.13348e-10	0	0
1.21745e-10	0	0
1.30141e-10	0	0
1.38537e-10	0	0
1.46933e-10	0	0
1.55329e-10	0	0
1.63726e-10	0	0
1.72122e-10	0	0
1.80518e-10	0	0
1.88914e-10	0	0
1.9731e-10	0	0
2.05706e-10	0	0
2.14103e-10	0	0
2.22499e-10	0	0
2.30895e-10	0	0
2.39291e-10	0	0
2.47687e-10	0	0
2.56083e-10	0	0
2.6448e-10	0	0
2.72876e-10	0	0
2.81272e-10	0	0
2.89668e-10	0	0
2.98064e-10	0	0
3.06461e-10	0	0
3.14857e-10	0	0
3.23253e-10	8.39502e-05	1.07242e-05
3.31649e-10	0.00344899	9.26848e-05
3.40045e-10	0.0471434	0.000384112
3.48441e-10	0.292694	0.000980292
3.56838e-10	1.00622	0.00190582
3.65234e-10	2.23686	0.00213296
3.7363e-10	3.62394	0.00205967
3.82026e-10	4.62021	0.002288
3.90422e-10	4.89866	0.00292732
3.98819e-10	4.49451	0.00343739
4.07215e-10	3.66328	0.00291172
4.15611e-10	2.69277	0.00218049
4.24007e-10	1.81583	0.00139618
4.32403e-10	1.13031	0.0011139
4.40799e-10	0.653394	0.0012202
4.49196e-10	0.352515	0.00104095
4.57592e-10	0.178933	0.000748301
4.65988e-10	0.0880494	0.000689984
4.74384e-10	0.049075	0.000497954
4.8278e-10	0.0421524	0.000402948
4.91177e-10	0.0605574	0.000493324
4.99573e-10	0.106091	0.000543912
5.07969e-10	0.183555	0.000595324
5.16365e-10	0.300068	0.000613246
5.24761e-10	0.452931	0.000562066
5.33157e-10	0.62814	0.000614189
5.41554e-10	0.796164	0.000887015
5.4995e-10	0.923434	0.00107544
5.58346e-10	0.972357	0.00116125
5.66742e-10	0.930104	0.0011566
5.75138e-10	0.808262	0.000837342
5.83535e-10	0.641102	0.000561864
5.91931e-10	0.46543	0.000528361
6.00327e-10	0.316598	0.000599978
6.08723e-10	0.218217	0.000739662
6.17119e-10	0.19089	0.000939667
6.25515e-10	0.253968	0.000983831
6.33912e-10	0.432862	0.0012837
6.42308e-10	0.748849	0.00122734
6.50704e-10	1.19759	0.00103175
6.591e-10	1.7278	0.00096861
6.67496e-10	2.23699	0.00125009
6.75892e-10	2.59793	0.00184943
6.84289e-10	2.71504	0.00245975
6.92685e-10	2.55926	0.00196543
7.01081e-10	2.18149	0.00143365
7.09477e-10	1.69158	0.000942251
7.17873e-10	1.20059	0.000767998
7.2627e-10	0.801093	0.00102553
7.34666e-10	0.541029	0.00130234
7.43062e-10	0.432065	0.0012846
7.51458e-10	0.459863	0.00108079
7.59854e-10	0.586316	0.000769673
7.6825e-10	0.758653	0.000559093
7.76647e-10	0.918317	0.000603834
7.85043e-10	1.01488	0.000741808
7.93439e-10	1.02304	0.00107291
8.01835e-10	0.919962	0.000978819
8.10231e-10	0.78019	0.000554191
8.18628e-10	0.653198	0.000620182
8.27024e-10	0.572461	0.00104043
8.3542e-10	0.571066	0.0012674
