1	2.72935e+06	0
2	2.72533e+06	2841.37
3	2.7504e+06	20562.5
4	2.73878e+06	18415.8
5	2.75007e+06	17862.1
6	2.74513e+06	15555.3
7	2.75466e+06	15990.8
8	2.75661e+06	14110.4
9	2.75657e+06	12542.6
10	2.76028e+06	11824.2
11	2.75658e+06	11313.9
12	2.75635e+06	10373.5
13	2.7578e+06	9676.78
14	2.75709e+06	9011.47
15	2.75657e+06	8425.9
16	2.75867e+06	8158.03
17	2.75971e+06	7743.22
18	2.76207e+06	7664.88
19	2.75995e+06	7547.73
20	2.75888e+06	7245.7
21	2.75754e+06	7023.67
22	2.75303e+06	8022.42
23	2.74901e+06	8624.06
24	2.74875e+06	8268.58
25	2.74865e+06	7938.52
26	2.74857e+06	7633.52
27	2.74943e+06	7398.68
28	2.75135e+06	7380.18
29	2.75028e+06	7203.24
30	2.75368e+06	7723.01
31	2.75333e+06	7481.73
32	2.75265e+06	7278.29
33	2.75317e+06	7076.1
34	2.75348e+06	6874.85
35	2.75314e+06	6687.18
36	2.75292e+06	6504.94
37	2.75105e+06	6592.2
38	2.75201e+06	6487.83
39	2.75399e+06	6615.83
40	2.75246e+06	6624.27
41	2.75156e+06	6522.79
42	2.75029e+06	6489.95
43	2.7505e+06	6342.22
44	2.75012e+06	6209.01
45	2.75136e+06	6191.79
46	2.75118e+06	6059.55
47	2.75193e+06	5976.42
48	2.75104e+06	5917.99
49	2.75186e+06	5854.41
50	2.75229e+06	5752.81
