1	-1.4549e-21	0
2	-1.47349e-21	1.31486e-23
3	-1.47594e-21	8.99125e-24
4	-1.47074e-21	8.11212e-24
5	-1.4547e-21	1.57401e-23
6	-1.45904e-21	1.37003e-23
7	-1.45088e-21	1.39611e-23
8	-1.44877e-21	1.23742e-23
9	-1.45089e-21	1.11795e-23
10	-1.44859e-21	1.02973e-23
11	-1.44858e-21	9.36116e-24
12	-1.44743e-21	8.65165e-24
13	-1.4466e-21	8.02622e-24
14	-1.44699e-21	7.46251e-24
15	-1.44475e-21	7.29507e-24
16	-1.44555e-21	6.88337e-24
17	-1.44883e-21	7.21738e-24
18	-1.44843e-21	6.82755e-24
19	-1.44626e-21	6.80478e-24
20	-1.44525e-21	6.53829e-24
21	-1.44491e-21	6.23613e-24
22	-1.44429e-21	5.98266e-24
23	-1.44646e-21	6.10164e-24
24	-1.44562e-21	5.90437e-24
25	-1.44474e-21	5.73298e-24
26	-1.44423e-21	5.53543e-24
27	-1.44263e-21	5.55618e-24
28	-1.44214e-21	5.37953e-24
29	-1.44258e-21	5.21192e-24
30	-1.44272e-21	5.03995e-24
31	-1.44281e-21	4.87821e-24
32	-1.44352e-21	4.77778e-24
33	-1.44245e-21	4.75203e-24
34	-1.44191e-21	4.64236e-24
35	-1.44302e-21	4.63921e-24
36	-1.44263e-21	4.52611e-24
37	-1.44283e-21	4.40809e-24
38	-1.44204e-21	4.36211e-24
39	-1.44145e-21	4.28975e-24
40	-1.44125e-21	4.18755e-24
41	-1.44063e-21	4.1302e-24
42	-1.44086e-21	4.03802e-24
43	-1.44114e-21	3.95393e-24
44	-1.44107e-21	3.8647e-24
45	-1.4405e-21	3.82072e-24
46	-1.44021e-21	3.74846e-24
47	-1.43973e-21	3.69926e-24
48	-1.43979e-21	3.62264e-24
49	-1.44026e-21	3.57971e-24
50	-1.44104e-21	3.59052e-24
