3.92129e-12	0	0
1.17639e-11	0	0
1.96065e-11	0	0
2.74491e-11	0	0
3.52916e-11	0	0
4.31342e-11	0	0
5.09768e-11	0	0
5.88194e-11	0	0
6.6662e-11	0	0
7.45046e-11	0	0
8.23472e-11	0	0
9.01897e-11	0	0
9.80323e-11	0	0
1.05875e-10	0	0
1.13717e-10	0	0
1.2156e-10	0	0
1.29403e-10	0	0
1.37245e-10	0	0
1.45088e-10	0	0
1.5293e-10	0	0
1.60773e-10	0	0
1.68616e-10	0	0
1.76458e-10	0	0
1.84301e-10	0	0
1.92143e-10	0	0
1.99986e-10	0	0
2.07829e-10	0	0
2.15671e-10	0	0
2.23514e-10	0	0
2.31356e-10	0	0
2.39199e-10	0	0
2.47041e-10	0	0
2.54884e-10	0	0
2.62727e-10	0	0
2.70569e-10	0	0
2.78412e-10	0	0
2.86254e-10	0	0
2.94097e-10	0	0
3.0194e-10	8.32138e-05	1.15411e-05
3.09782e-10	0.00327829	6.60664e-05
3.17625e-10	0.0473577	0.000300906
3.25467e-10	0.292154	0.000916405
3.3331e-10	1.00496	0.00204483
3.41152e-10	2.24153	0.00251785
3.48995e-10	3.62506	0.00227419
3.56838e-10	4.61831	0.00172926
3.6468e-10	4.8974	0.00316565
3.72523e-10	4.49299	0.00348832
3.80365e-10	3.66209	0.00281862
3.88208e-10	2.69409	0.00207807
3.96051e-10	1.8179	0.00119649
4.03893e-10	1.13117	0.0012626
4.11736e-10	0.651952	0.00123404
4.19578e-10	0.351553	0.000877507
4.27421e-10	0.179191	0.000728233
4.35264e-10	0.0885236	0.000575635
4.43106e-10	0.0486986	0.000482382
4.50949e-10	0.0416816	0.000432074
4.58791e-10	0.0597954	0.000419567
4.66634e-10	0.105404	0.000532963
4.74476e-10	0.183302	0.000540652
4.82319e-10	0.300389	0.000625547
4.90162e-10	0.453209	0.000639353
4.98004e-10	0.629148	0.00074559
5.05847e-10	0.797419	0.000771555
5.13689e-10	0.923444	0.00113446
5.21532e-10	0.970957	0.00131075
5.29375e-10	0.930364	0.001257
5.37217e-10	0.810054	0.00083846
5.4506e-10	0.640682	0.000540471
5.52902e-10	0.46494	0.000470599
5.60745e-10	0.316158	0.000675531
5.68587e-10	0.218506	0.000685585
5.7643e-10	0.190691	0.000862658
5.84273e-10	0.254134	0.000991923
5.92115e-10	0.433028	0.00121521
5.99958e-10	0.748285	0.00128485
6.078e-10	1.19845	0.00104546
6.15643e-10	1.72639	0.000781463
6.23486e-10	2.23625	0.00132852
6.31328e-10	2.5984	0.0016978
6.39171e-10	2.71712	0.00236558
6.47013e-10	2.55828	0.00214874
6.54856e-10	2.18191	0.00150821
6.62698e-10	1.68932	0.000804017
6.70541e-10	1.20167	0.000674809
6.78384e-10	0.801582	0.00111439
6.86226e-10	0.540617	0.00115167
6.94069e-10	0.432489	0.00117812
7.01911e-10	0.460011	0.0010298
7.09754e-10	0.585643	0.000908777
7.17597e-10	0.758723	0.000492501
7.25439e-10	0.918699	0.000510648
7.33282e-10	1.01538	0.00105914
7.41124e-10	1.02245	0.000980091
7.48967e-10	0.920145	0.000748003
7.5681e-10	0.779561	0.000542434
7.64652e-10	0.653316	0.000611196
7.72495e-10	0.571105	0.00107727
7.80337e-10	0.571447	0.00115538
