1	0.0115332	0
1	0.0345996	0
1	0.0576661	0
1	0.0807325	0
1	0.103799	0
1	0.126865	0
1	0.149932	0
1	0.172998	0
1	0.196065	0
1	0.219131	0
1	0.242198	0
1	0.265264	0
1	0.28833	0
1	0.311397	0
1	0.334463	0
1	0.35753	0
1	0.380596	0
1	0.403663	0
1	0.426729	0
1	0.449795	0
1	0.472862	0
1	0.495928	0
1	0.518995	0
1	0.542061	0
1	0.565128	0
1	0.588194	0
1	0.61126	0
1	0.634327	0
1	0.657393	0
1	0.68046	0
1	0.703526	0
1	0.726593	0
1	0.749659	0
1	0.772725	0
1	0.795792	0
1	0.818858	0
1	0.841925	0
1	0.864991	0
1	0.888058	0.001
1	0.911124	0.098
1	0.93419	1.323
1	0.957257	9.203
1	0.980323	32.551
1	1.00339	77.369
1	1.02646	132.114
1	1.04952	175.326
1	1.07259	195.207
1	1.09566	185.987
1	1.11872	157.765
1	1.14179	120.717
1	1.16485	84.909
1	1.18792	54.619
1	1.21099	33.022
1	1.23405	18.411
1	1.25712	9.767
1	1.28019	4.832
1	1.30325	2.598
1	1.32632	2.407
1	1.34939	3.467
1	1.37245	6.462
1	1.39552	12.05
1	1.41859	20.62
1	1.44165	32.358
1	1.46472	46.839
1	1.48778	60.752
1	1.51085	73.354
1	1.53392	78.885
1	1.55698	78.589
1	1.58005	70.162
1	1.60312	57.082
1	1.62618	42.363
1	1.64925	28.874
1	1.67232	20.212
1	1.69538	18.301
1	1.71845	25.833
1	1.74152	44.313
1	1.76458	80.298
1	1.78765	131.945
1	1.81071	195.839
1	1.83378	260.189
1	1.85685	309.45
1	1.87991	330.665
1	1.90298	319.032
1	1.92605	278.274
1	1.94911	220.83
1	1.97218	160.404
1	1.99525	109.585
1	2.01831	74.41
1	2.04138	61.366
1	2.06445	66.5
1	2.08751	88.617
1	2.11058	116.273
1	2.13364	145.277
1	2.15671	164.369
1	2.17978	167.121
1	2.20284	153.442
1	2.22591	133.171
1	2.24898	112.896
1	2.27204	99.721
1	2.29511	102.23
2	0.0115332	0
2	0.0345996	0
2	0.0576661	0
2	0.0807325	0
2	0.103799	0
2	0.126865	0
2	0.149932	0
2	0.172998	0
2	0.196065	0
2	0.219131	0
2	0.242198	0
2	0.265264	0
2	0.28833	0
2	0.311397	0
2	0.334463	0
2	0.35753	0
2	0.380596	0
2	0.403663	0
2	0.426729	0
2	0.449795	0
2	0.472862	0
2	0.495928	0
2	0.518995	0
2	0.542061	0
2	0.565128	0
2	0.588194	0
2	0.61126	0
2	0.634327	0
2	0.657393	0
2	0.68046	0
2	0.703526	0
2	0.726593	0
2	0.749659	0
2	0.772725	0
2	0.795792	0
2	0.818858	0
2	0.841925	0
2	0.864991	0
2	0.888058	0
2	0.911124	0.083
2	0.93419	1.3
2	0.957257	9.185
2	0.980323	32.935
2	1.00339	77.857
2	1.02646	130.953
2	1.04952	174.942
2	1.07259	194.696
2	1.09566	186.258
2	1.11872	158.165
2	1.14179	121.905
2	1.16485	85.269
2	1.18792	54.786
2	1.21099	32.525
2	1.23405	17.973
2	1.25712	9.468
2	1.28019	4.811
2	1.30325	2.772
2	1.32632	2.367
2	1.34939	3.732
2	1.37245	6.864
2	1.39552	12.118
2	1.41859	20.776
2	1.44165	32.463
2	1.46472	46.408
2	1.48778	60.863
2	1.51085	73.137
2	1.53392	78.004
2	1.55698	78.018
2	1.58005	69.719
2	1.60312	57.042
2	1.62618	42.293
2	1.64925	30.162
2	1.67232	20.876
2	1.69538	18.828
2	1.71845	25.592
2	1.74152	43.97
2	1.76458	78.873
2	1.78765	131.608
2	1.81071	194.854
2	1.83378	258.882
2	1.85685	309.437
2	1.87991	332.625
2	1.90298	321.657
2	1.92605	279.887
2	1.94911	219.354
2	1.97218	161.041
2	1.99525	109.261
2	2.01831	74.742
2	2.04138	60.829
2	2.06445	66.408
2	2.08751	87.548
2	2.11058	117.227
2	2.13364	144.499
2	2.15671	162.714
2	2.17978	168.861
2	2.20284	153.6
2	2.22591	132.384
2	2.24898	113.678
2	2.27204	100.493
2	2.29511	102.833
3	0.0115332	0
3	0.0345996	0
3	0.0576661	0
3	0.0807325	0
3	0.103799	0
3	0.126865	0
3	0.149932	0
3	0.172998	0
3	0.196065	0
3	0.219131	0
3	0.242198	0
3	0.265264	0
3	0.28833	0
3	0.311397	0
3	0.334463	0
3	0.35753	0
3	0.380596	0
3	0.403663	0
3	0.426729	0
3	0.449795	0
3	0.472862	0
3	0.495928	0
3	0.518995	0
3	0.542061	0
3	0.565128	0
3	0.588194	0
3	0.61126	0
3	0.634327	0
3	0.657393	0
3	0.68046	0
3	0.703526	0
3	0.726593	0
3	0.749659	0
3	0.772725	0
3	0.795792	0
3	0.818858	0
3	0.841925	0
3	0.864991	0
3	0.888058	0
3	0.911124	0.107
3	0.93419	1.378
3	0.957257	8.932
3	0.980323	33.377
3	1.00339	77.859
3	1.02646	131.392
3	1.04952	175.298
3	1.07259	193.875
3	1.09566	186.09
3	1.11872	156.926
3	1.14179	122.625
3	1.16485	84.829
3	1.18792	54.836
3	1.21099	32.648
3	1.23405	18.317
3	1.25712	9.671
3	1.28019	4.903
3	1.30325	2.811
3	1.32632	2.327
3	1.34939	3.598
3	1.37245	7.069
3	1.39552	12.291
3	1.41859	20.715
3	1.44165	32.952
3	1.46472	47.527
3	1.48778	60.599
3	1.51085	72.793
3	1.53392	77.784
3	1.55698	76.847
3	1.58005	69.655
3	1.60312	56.05
3	1.62618	42.335
3	1.64925	29.928
3	1.67232	21.309
3	1.69538	19.096
3	1.71845	25.541
3	1.74152	44.813
3	1.76458	79.689
3	1.78765	131.212
3	1.81071	195.404
3	1.83378	260.027
3	1.85685	309.436
3	1.87991	330.961
3	1.90298	319.93
3	1.92605	277.49
3	1.94911	220.59
3	1.97218	161.41
3	1.99525	110.24
3	2.01831	75.878
3	2.04138	61.961
3	2.06445	67.05
3	2.08751	86.959
3	2.11058	115.807
3	2.13364	143.885
3	2.15671	163.492
3	2.17978	167.364
3	2.20284	154.583
3	2.22591	133.051
3	2.24898	114.323
3	2.27204	102.707
3	2.29511	103.63
4	0.0115332	0
4	0.0345996	0
4	0.0576661	0
4	0.0807325	0
4	0.103799	0
4	0.126865	0
4	0.149932	0
4	0.172998	0
4	0.196065	0
4	0.219131	0
4	0.242198	0
4	0.265264	0
4	0.28833	0
4	0.311397	0
4	0.334463	0
4	0.35753	0
4	0.380596	0
4	0.403663	0
4	0.426729	0
4	0.449795	0
4	0.472862	0
4	0.495928	0
4	0.518995	0
4	0.542061	0
4	0.565128	0
4	0.588194	0
4	0.61126	0
4	0.634327	0
4	0.657393	0
4	0.68046	0
4	0.703526	0
4	0.726593	0
4	0.749659	0
4	0.772725	0
4	0.795792	0
4	0.818858	0
4	0.841925	0
4	0.864991	0
4	0.888058	0.001
4	0.911124	0.098
4	0.93419	1.37
4	0.957257	9.149
4	0.980323	32.892
4	1.00339	77.068
4	1.02646	131.286
4	1.04952	174.834
4	1.07259	195.603
4	1.09566	186.504
4	1.11872	157.549
4	1.14179	122.244
4	1.16485	84.444
4	1.18792	55.091
4	1.21099	32.854
4	1.23405	17.937
4	1.25712	9.629
4	1.28019	4.685
4	1.30325	2.519
4	1.32632	2.22
4	1.34939	3.556
4	1.37245	6.672
4	1.39552	12.433
4	1.41859	21.028
4	1.44165	33.167
4	1.46472	46.49
4	1.48778	61.173
4	1.51085	72.714
4	1.53392	78.251
4	1.55698	77.699
4	1.58005	69.116
4	1.60312	56.784
4	1.62618	41.95
4	1.64925	29.759
4	1.67232	21.117
4	1.69538	18.605
4	1.71845	25.156
4	1.74152	44.846
4	1.76458	79.567
4	1.78765	130.827
4	1.81071	196.154
4	1.83378	259.754
4	1.85685	308.572
4	1.87991	332.587
4	1.90298	321.409
4	1.92605	278.256
4	1.94911	220.956
4	1.97218	160.716
4	1.99525	109.342
4	2.01831	75.033
4	2.04138	61.539
4	2.06445	66.269
4	2.08751	86.719
4	2.11058	115.232
4	2.13364	144.711
4	2.15671	163.369
4	2.17978	169.45
4	2.20284	154.248
4	2.22591	133.367
4	2.24898	113.685
4	2.27204	101.884
4	2.29511	103.695
5	0.0115332	0
5	0.0345996	0
5	0.0576661	0
5	0.0807325	0
5	0.103799	0
5	0.126865	0
5	0.149932	0
5	0.172998	0
5	0.196065	0
5	0.219131	0
5	0.242198	0
5	0.265264	0
5	0.28833	0
5	0.311397	0
5	0.334463	0
5	0.35753	0
5	0.380596	0
5	0.403663	0
5	0.426729	0
5	0.449795	0
5	0.472862	0
5	0.495928	0
5	0.518995	0
5	0.542061	0
5	0.565128	0
5	0.588194	0
5	0.61126	0
5	0.634327	0
5	0.657393	0
5	0.68046	0
5	0.703526	0
5	0.726593	0
5	0.749659	0
5	0.772725	0
5	0.795792	0
5	0.818858	0
5	0.841925	0
5	0.864991	0
5	0.888058	0.008
5	0.911124	0.084
5	0.93419	1.466
5	0.957257	9.099
5	0.980323	33.333
5	1.00339	77.585
5	1.02646	130.848
5	1.04952	175.02
5	1.07259	193.979
5	1.09566	186.855
5	1.11872	158.818
5	1.14179	120.786
5	1.16485	84.945
5	1.18792	54.191
5	1.21099	33.2
5	1.23405	18.697
5	1.25712	9.528
5	1.28019	4.857
5	1.30325	2.612
5	1.32632	2.506
5	1.34939	3.749
5	1.37245	7.044
5	1.39552	12.3
5	1.41859	20.705
5	1.44165	32.131
5	1.46472	46.389
5	1.48778	60.761
5	1.51085	72.506
5	1.53392	78.531
5	1.55698	77.797
5	1.58005	69.672
5	1.60312	56.604
5	1.62618	42.933
5	1.64925	29.704
5	1.67232	21.113
5	1.69538	18.503
5	1.71845	25.556
5	1.74152	44.841
5	1.76458	79.948
5	1.78765	131.451
5	1.81071	194.768
5	1.83378	259.39
5	1.85685	310.679
5	1.87991	330.229
5	1.90298	319.157
5	1.92605	279.211
5	1.94911	220.941
5	1.97218	161.097
5	1.99525	109.371
5	2.01831	75.881
5	2.04138	62.015
5	2.06445	66.742
5	2.08751	87.509
5	2.11058	116.507
5	2.13364	143.816
5	2.15671	163.17
5	2.17978	167.486
5	2.20284	153.694
5	2.22591	132.833
5	2.24898	113.984
5	2.27204	101.21
5	2.29511	103.81
6	0.0115332	0
6	0.0345996	0
6	0.0576661	0
6	0.0807325	0
6	0.103799	0
6	0.126865	0
6	0.149932	0
6	0.172998	0
6	0.196065	0
6	0.219131	0
6	0.242198	0
6	0.265264	0
6	0.28833	0
6	0.311397	0
6	0.334463	0
6	0.35753	0
6	0.380596	0
6	0.403663	0
6	0.426729	0
6	0.449795	0
6	0.472862	0
6	0.495928	0
6	0.518995	0
6	0.542061	0
6	0.565128	0
6	0.588194	0
6	0.61126	0
6	0.634327	0
6	0.657393	0
6	0.68046	0
6	0.703526	0
6	0.726593	0
6	0.749659	0
6	0.772725	0
6	0.795792	0
6	0.818858	0
6	0.841925	0
6	0.864991	0
6	0.888058	0
6	0.911124	0.109
6	0.93419	1.27
6	0.957257	9.289
6	0.980323	33.836
6	1.00339	77.477
6	1.02646	131.892
6	1.04952	175.118
6	1.07259	194.255
6	1.09566	184.632
6	1.11872	157.027
6	1.14179	120.938
6	1.16485	84.988
6	1.18792	55.705
6	1.21099	32.94
6	1.23405	18.547
6	1.25712	9.805
6	1.28019	5.145
6	1.30325	2.977
6	1.32632	2.638
6	1.34939	3.786
6	1.37245	6.913
6	1.39552	12.114
6	1.41859	20.918
6	1.44165	32.118
6	1.46472	46.725
6	1.48778	60.961
6	1.51085	72.903
6	1.53392	78.57
6	1.55698	77.455
6	1.58005	69.123
6	1.60312	55.948
6	1.62618	42.119
6	1.64925	30.07
6	1.67232	21.419
6	1.69538	19.125
6	1.71845	26.277
6	1.74152	45.576
6	1.76458	80.741
6	1.78765	132.533
6	1.81071	194.119
6	1.83378	258.54
6	1.85685	307.198
6	1.87991	329.854
6	1.90298	318.258
6	1.92605	278.397
6	1.94911	221.219
6	1.97218	160.833
6	1.99525	110.9
6	2.01831	76.698
6	2.04138	62.594
6	2.06445	68.364
6	2.08751	89.251
6	2.11058	116.356
6	2.13364	142.96
6	2.15671	161.637
6	2.17978	166.502
6	2.20284	154.379
6	2.22591	132.548
6	2.24898	114.23
6	2.27204	102.594
6	2.29511	104.059
7	0.0115332	0
7	0.0345996	0
7	0.0576661	0
7	0.0807325	0
7	0.103799	0
7	0.126865	0
7	0.149932	0
7	0.172998	0
7	0.196065	0
7	0.219131	0
7	0.242198	0
7	0.265264	0
7	0.28833	0
7	0.311397	0
7	0.334463	0
7	0.35753	0
7	0.380596	0
7	0.403663	0
7	0.426729	0
7	0.449795	0
7	0.472862	0
7	0.495928	0
7	0.518995	0
7	0.542061	0
7	0.565128	0
7	0.588194	0
7	0.61126	0
7	0.634327	0
7	0.657393	0
7	0.68046	0
7	0.703526	0
7	0.726593	0
7	0.749659	0
7	0.772725	0
7	0.795792	0
7	0.818858	0
7	0.841925	0
7	0.864991	0
7	0.888058	0.002
7	0.911124	0.088
7	0.93419	1.448
7	0.957257	9.045
7	0.980323	33.208
7	1.00339	77.643
7	1.02646	131.635
7	1.04952	175.41
7	1.07259	194.759
7	1.09566	185.056
7	1.11872	158.259
7	1.14179	120.549
7	1.16485	84.931
7	1.18792	55.006
7	1.21099	32.654
7	1.23405	18.273
7	1.25712	9.788
7	1.28019	5.083
7	1.30325	2.819
7	1.32632	2.561
7	1.34939	3.918
7	1.37245	6.735
7	1.39552	12.177
7	1.41859	20.561
7	1.44165	32.342
7	1.46472	46.411
7	1.48778	61.069
7	1.51085	72.597
7	1.53392	79.425
7	1.55698	77.424
7	1.58005	69.665
7	1.60312	56.704
7	1.62618	42.295
7	1.64925	29.894
7	1.67232	21.25
7	1.69538	18.622
7	1.71845	25.373
7	1.74152	44.978
7	1.76458	80.319
7	1.78765	132.18
7	1.81071	194.95
7	1.83378	258.62
7	1.85685	308.765
7	1.87991	331.396
7	1.90298	318.608
7	1.92605	279.214
7	1.94911	221.455
7	1.97218	159.999
7	1.99525	109.988
7	2.01831	75.022
7	2.04138	62.299
7	2.06445	66.76
7	2.08751	87.48
7	2.11058	115.997
7	2.13364	144.607
7	2.15671	164.046
7	2.17978	168.284
7	2.20284	152.916
7	2.22591	134.26
7	2.24898	112.966
7	2.27204	100.019
7	2.29511	102.241
8	0.0115332	0
8	0.0345996	0
8	0.0576661	0
8	0.0807325	0
8	0.103799	0
8	0.126865	0
8	0.149932	0
8	0.172998	0
8	0.196065	0
8	0.219131	0
8	0.242198	0
8	0.265264	0
8	0.28833	0
8	0.311397	0
8	0.334463	0
8	0.35753	0
8	0.380596	0
8	0.403663	0
8	0.426729	0
8	0.449795	0
8	0.472862	0
8	0.495928	0
8	0.518995	0
8	0.542061	0
8	0.565128	0
8	0.588194	0
8	0.61126	0
8	0.634327	0
8	0.657393	0
8	0.68046	0
8	0.703526	0
8	0.726593	0
8	0.749659	0
8	0.772725	0
8	0.795792	0
8	0.818858	0
8	0.841925	0
8	0.864991	0
8	0.888058	0.003
8	0.911124	0.113
8	0.93419	1.459
8	0.957257	9.315
8	0.980323	33.639
8	1.00339	78.456
8	1.02646	131.838
8	1.04952	174.953
8	1.07259	192.293
8	1.09566	185.355
8	1.11872	157.507
8	1.14179	120.861
8	1.16485	84.579
8	1.18792	54.977
8	1.21099	33.029
8	1.23405	18.803
8	1.25712	10.154
8	1.28019	5.384
8	1.30325	3.303
8	1.32632	2.998
8	1.34939	4.078
8	1.37245	7.303
8	1.39552	12.617
8	1.41859	21.315
8	1.44165	32.5
8	1.46472	46.44
8	1.48778	59.928
8	1.51085	70.994
8	1.53392	77.682
8	1.55698	77.157
8	1.58005	68.914
8	1.60312	56.624
8	1.62618	42.293
8	1.64925	30.31
8	1.67232	22
8	1.69538	20.2
8	1.71845	26.588
8	1.74152	46.539
8	1.76458	81.663
8	1.78765	131.826
8	1.81071	194.51
8	1.83378	258.859
8	1.85685	306.621
8	1.87991	328.515
8	1.90298	315.724
8	1.92605	276.771
8	1.94911	221.326
8	1.97218	161.083
8	1.99525	111.691
8	2.01831	77.237
8	2.04138	63.868
8	2.06445	69.498
8	2.08751	88.731
8	2.11058	116.258
8	2.13364	143.215
8	2.15671	161.967
8	2.17978	165.462
8	2.20284	152.804
8	2.22591	134.397
8	2.24898	115.257
8	2.27204	103.478
8	2.29511	105.87
9	0.0115332	0
9	0.0345996	0
9	0.0576661	0
9	0.0807325	0
9	0.103799	0
9	0.126865	0
9	0.149932	0
9	0.172998	0
9	0.196065	0
9	0.219131	0
9	0.242198	0
9	0.265264	0
9	0.28833	0
9	0.311397	0
9	0.334463	0
9	0.35753	0
9	0.380596	0
9	0.403663	0
9	0.426729	0
9	0.449795	0
9	0.472862	0
9	0.495928	0
9	0.518995	0
9	0.542061	0
9	0.565128	0
9	0.588194	0
9	0.61126	0
9	0.634327	0
9	0.657393	0
9	0.68046	0
9	0.703526	0
9	0.726593	0
9	0.749659	0
9	0.772725	0
9	0.795792	0
9	0.818858	0
9	0.841925	0
9	0.864991	0
9	0.888058	0.001
9	0.911124	0.086
9	0.93419	1.414
9	0.957257	9.457
9	0.980323	33.641
9	1.00339	76.896
9	1.02646	131.968
9	1.04952	174.281
9	1.07259	193.683
9	1.09566	185.84
9	1.11872	158.527
9	1.14179	121.189
9	1.16485	85.247
9	1.18792	55.076
9	1.21099	32.691
9	1.23405	18.441
9	1.25712	9.729
9	1.28019	4.964
9	1.30325	2.816
9	1.32632	2.618
9	1.34939	3.89
9	1.37245	6.939
9	1.39552	12.833
9	1.41859	20.88
9	1.44165	32.444
9	1.46472	46.185
9	1.48778	60.918
9	1.51085	72.59
9	1.53392	78.321
9	1.55698	76.297
9	1.58005	69.536
9	1.60312	56.245
9	1.62618	42.332
9	1.64925	30.109
9	1.67232	21.106
9	1.69538	19.06
9	1.71845	26.292
9	1.74152	45.11
9	1.76458	79.652
9	1.78765	131.324
9	1.81071	194.539
9	1.83378	258.494
9	1.85685	310.012
9	1.87991	331.279
9	1.90298	318.632
9	1.92605	279.851
9	1.94911	221.657
9	1.97218	161.288
9	1.99525	109.899
9	2.01831	75.923
9	2.04138	62.265
9	2.06445	67.559
9	2.08751	87.068
9	2.11058	116.453
9	2.13364	144.25
9	2.15671	161.858
9	2.17978	166.382
9	2.20284	152.945
9	2.22591	132.789
9	2.24898	115.115
9	2.27204	103.108
9	2.29511	104.753
10	0.0115332	0
10	0.0345996	0
10	0.0576661	0
10	0.0807325	0
10	0.103799	0
10	0.126865	0
10	0.149932	0
10	0.172998	0
10	0.196065	0
10	0.219131	0
10	0.242198	0
10	0.265264	0
10	0.28833	0
10	0.311397	0
10	0.334463	0
10	0.35753	0
10	0.380596	0
10	0.403663	0
10	0.426729	0
10	0.449795	0
10	0.472862	0
10	0.495928	0
10	0.518995	0
10	0.542061	0
10	0.565128	0
10	0.588194	0
10	0.61126	0
10	0.634327	0
10	0.657393	0
10	0.68046	0
10	0.703526	0
10	0.726593	0
10	0.749659	0
10	0.772725	0
10	0.795792	0
10	0.818858	0
10	0.841925	0
10	0.864991	0
10	0.888058	0.003
10	0.911124	0.114
10	0.93419	1.423
10	0.957257	9.212
10	0.980323	32.752
10	1.00339	76.782
10	1.02646	130.621
10	1.04952	175.756
10	1.07259	194.719
10	1.09566	187.747
10	1.11872	158.915
10	1.14179	121.246
10	1.16485	84.18
10	1.18792	54.326
10	1.21099	32.498
10	1.23405	18.414
10	1.25712	9.747
10	1.28019	4.728
10	1.30325	2.668
10	1.32632	2.443
10	1.34939	3.734
10	1.37245	6.955
10	1.39552	12.209
10	1.41859	20.807
10	1.44165	32.107
10	1.46472	46.23
10	1.48778	60.902
10	1.51085	72.64
10	1.53392	79.005
10	1.55698	78.558
10	1.58005	68.954
10	1.60312	56.706
10	1.62618	42.882
10	1.64925	29.62
10	1.67232	20.505
10	1.69538	18.495
10	1.71845	25.133
10	1.74152	44.433
10	1.76458	79.229
10	1.78765	130.744
10	1.81071	194.959
10	1.83378	259.738
10	1.85685	311.075
10	1.87991	332.445
10	1.90298	320.57
10	1.92605	280.94
10	1.94911	220.502
10	1.97218	160.216
10	1.99525	108.243
10	2.01831	74.939
10	2.04138	60.303
10	2.06445	66.403
10	2.08751	86.974
10	2.11058	116.559
10	2.13364	144.377
10	2.15671	164.705
10	2.17978	168.225
10	2.20284	154.736
10	2.22591	133.344
10	2.24898	113.651
10	2.27204	100.536
10	2.29511	102.721
11	0.0115332	0
11	0.0345996	0
11	0.0576661	0
11	0.0807325	0
11	0.103799	0
11	0.126865	0
11	0.149932	0
11	0.172998	0
11	0.196065	0
11	0.219131	0
11	0.242198	0
11	0.265264	0
11	0.28833	0
11	0.311397	0
11	0.334463	0
11	0.35753	0
11	0.380596	0
11	0.403663	0
11	0.426729	0
11	0.449795	0
11	0.472862	0
11	0.495928	0
11	0.518995	0
11	0.542061	0
11	0.565128	0
11	0.588194	0
11	0.61126	0
11	0.634327	0
11	0.657393	0
11	0.68046	0
11	0.703526	0
11	0.726593	0
11	0.749659	0
11	0.772725	0
11	0.795792	0
11	0.818858	0
11	0.841925	0
11	0.864991	0
11	0.888058	0.003
11	0.911124	0.094
11	0.93419	1.423
11	0.957257	9
11	0.980323	32.476
11	1.00339	76.914
11	1.02646	131.497
11	1.04952	175.299
11	1.07259	196.785
11	1.09566	186.162
11	1.11872	157.98
11	1.14179	121.006
11	1.16485	84.885
11	1.18792	54.365
11	1.21099	32.714
11	1.23405	18.2
11	1.25712	9.494
11	1.28019	4.931
11	1.30325	2.673
11	1.32632	2.454
11	1.34939	3.624
11	1.37245	6.584
11	1.39552	12.011
11	1.41859	20.608
11	1.44165	32.085
11	1.46472	46.06
11	1.48778	61.008
11	1.51085	72.757
11	1.53392	79.676
11	1.55698	79.193
11	1.58005	70.063
11	1.60312	56.639
11	1.62618	42.056
11	1.64925	29.389
11	1.67232	20.497
11	1.69538	18.252
11	1.71845	24.788
11	1.74152	44.618
11	1.76458	79.668
11	1.78765	131.168
11	1.81071	194.952
11	1.83378	259.833
11	1.85685	309.692
11	1.87991	332.558
11	1.90298	321.161
11	1.92605	278.737
11	1.94911	222.14
11	1.97218	159.95
11	1.99525	108.431
11	2.01831	74.531
11	2.04138	60.828
11	2.06445	66.84
11	2.08751	88.127
11	2.11058	116.114
11	2.13364	144.325
11	2.15671	163.067
11	2.17978	168.521
11	2.20284	153.786
11	2.22591	133.06
11	2.24898	114.406
11	2.27204	99.961
11	2.29511	102.348
12	0.0115332	0
12	0.0345996	0
12	0.0576661	0
12	0.0807325	0
12	0.103799	0
12	0.126865	0
12	0.149932	0
12	0.172998	0
12	0.196065	0
12	0.219131	0
12	0.242198	0
12	0.265264	0
12	0.28833	0
12	0.311397	0
12	0.334463	0
12	0.35753	0
12	0.380596	0
12	0.403663	0
12	0.426729	0
12	0.449795	0
12	0.472862	0
12	0.495928	0
12	0.518995	0
12	0.542061	0
12	0.565128	0
12	0.588194	0
12	0.61126	0
12	0.634327	0
12	0.657393	0
12	0.68046	0
12	0.703526	0
12	0.726593	0
12	0.749659	0
12	0.772725	0
12	0.795792	0
12	0.818858	0
12	0.841925	0
12	0.864991	0
12	0.888058	0.007
12	0.911124	0.077
12	0.93419	1.421
12	0.957257	9.076
12	0.980323	32.998
12	1.00339	77.59
12	1.02646	131.45
12	1.04952	175.185
12	1.07259	194.76
12	1.09566	185.631
12	1.11872	157.846
12	1.14179	120.719
12	1.16485	85.627
12	1.18792	55.216
12	1.21099	32.716
12	1.23405	18.406
12	1.25712	9.719
12	1.28019	4.74
12	1.30325	2.813
12	1.32632	2.626
12	1.34939	3.824
12	1.37245	6.879
12	1.39552	11.953
12	1.41859	20.368
12	1.44165	32.078
12	1.46472	46.624
12	1.48778	61.232
12	1.51085	72.839
12	1.53392	78.63
12	1.55698	77.972
12	1.58005	69.88
12	1.60312	56.859
12	1.62618	42.174
12	1.64925	29.027
12	1.67232	20.878
12	1.69538	18.44
12	1.71845	25.892
12	1.74152	44.65
12	1.76458	79.706
12	1.78765	131.635
12	1.81071	195.206
12	1.83378	259.573
12	1.85685	309.029
12	1.87991	332.22
12	1.90298	320.119
12	1.92605	278.74
12	1.94911	220.357
12	1.97218	160.696
12	1.99525	109.703
12	2.01831	75.556
12	2.04138	61.913
12	2.06445	67.402
12	2.08751	86.206
12	2.11058	115.549
12	2.13364	144.478
12	2.15671	163.901
12	2.17978	167.329
12	2.20284	153.907
12	2.22591	134.204
12	2.24898	113.992
12	2.27204	101.375
12	2.29511	102.341
13	0.0115332	0
13	0.0345996	0
13	0.0576661	0
13	0.0807325	0
13	0.103799	0
13	0.126865	0
13	0.149932	0
13	0.172998	0
13	0.196065	0
13	0.219131	0
13	0.242198	0
13	0.265264	0
13	0.28833	0
13	0.311397	0
13	0.334463	0
13	0.35753	0
13	0.380596	0
13	0.403663	0
13	0.426729	0
13	0.449795	0
13	0.472862	0
13	0.495928	0
13	0.518995	0
13	0.542061	0
13	0.565128	0
13	0.588194	0
13	0.61126	0
13	0.634327	0
13	0.657393	0
13	0.68046	0
13	0.703526	0
13	0.726593	0
13	0.749659	0
13	0.772725	0
13	0.795792	0
13	0.818858	0
13	0.841925	0
13	0.864991	0
13	0.888058	0.003
13	0.911124	0.132
13	0.93419	1.58
13	0.957257	9.475
13	0.980323	33.698
13	1.00339	78.384
13	1.02646	131.996
13	1.04952	174.841
13	1.07259	192.661
13	1.09566	184.806
13	1.11872	157.62
13	1.14179	119.12
13	1.16485	84.526
13	1.18792	55.581
13	1.21099	33.929
13	1.23405	18.781
13	1.25712	10.256
13	1.28019	5.313
13	1.30325	3.053
13	1.32632	2.828
13	1.34939	4.029
13	1.37245	7.112
13	1.39552	12.981
13	1.41859	21.499
13	1.44165	33.186
13	1.46472	46.41
13	1.48778	59.971
13	1.51085	71.821
13	1.53392	76.811
13	1.55698	76.374
13	1.58005	69.346
13	1.60312	56.135
13	1.62618	42.489
13	1.64925	30.389
13	1.67232	21.596
13	1.69538	19.815
13	1.71845	27.034
13	1.74152	46.594
13	1.76458	81.646
13	1.78765	132.286
13	1.81071	195.178
13	1.83378	256.113
13	1.85685	307.852
13	1.87991	327.934
13	1.90298	317.473
13	1.92605	278.356
13	1.94911	221.259
13	1.97218	160.251
13	1.99525	111.119
13	2.01831	77.443
13	2.04138	63.311
13	2.06445	68.415
13	2.08751	89.787
13	2.11058	116.873
13	2.13364	143.692
13	2.15671	160.086
13	2.17978	166.138
13	2.20284	152.328
13	2.22591	133.174
13	2.24898	115.448
13	2.27204	105.06
13	2.29511	106.453
14	0.0115332	0
14	0.0345996	0
14	0.0576661	0
14	0.0807325	0
14	0.103799	0
14	0.126865	0
14	0.149932	0
14	0.172998	0
14	0.196065	0
14	0.219131	0
14	0.242198	0
14	0.265264	0
14	0.28833	0
14	0.311397	0
14	0.334463	0
14	0.35753	0
14	0.380596	0
14	0.403663	0
14	0.426729	0
14	0.449795	0
14	0.472862	0
14	0.495928	0
14	0.518995	0
14	0.542061	0
14	0.565128	0
14	0.588194	0
14	0.61126	0
14	0.634327	0
14	0.657393	0
14	0.68046	0
14	0.703526	0
14	0.726593	0
14	0.749659	0
14	0.772725	0
14	0.795792	0
14	0.818858	0
14	0.841925	0
14	0.864991	0
14	0.888058	0.002
14	0.911124	0.083
14	0.93419	1.517
14	0.957257	9.612
14	0.980323	34.339
14	1.00339	78.315
14	1.02646	132.432
14	1.04952	174.71
14	1.07259	193.087
14	1.09566	183.583
14	1.11872	155.953
14	1.14179	120.05
14	1.16485	84.991
14	1.18792	55.106
14	1.21099	33.984
14	1.23405	19.009
14	1.25712	10.257
14	1.28019	5.419
14	1.30325	3.271
14	1.32632	2.731
14	1.34939	3.994
14	1.37245	7.138
14	1.39552	12.645
14	1.41859	21.078
14	1.44165	32.893
14	1.46472	45.964
14	1.48778	60.419
14	1.51085	71.767
14	1.53392	78.065
14	1.55698	76.595
14	1.58005	69.979
14	1.60312	56.695
14	1.62618	42.728
14	1.64925	29.918
14	1.67232	21.445
14	1.69538	20.122
14	1.71845	27.315
14	1.74152	46.192
14	1.76458	81.272
14	1.78765	132.057
14	1.81071	194.676
14	1.83378	257.745
14	1.85685	307.442
14	1.87991	327.853
14	1.90298	315.78
14	1.92605	276.835
14	1.94911	219.471
14	1.97218	162.706
14	1.99525	112.115
14	2.01831	76.779
14	2.04138	64.277
14	2.06445	69.066
14	2.08751	89.388
14	2.11058	117.084
14	2.13364	143.438
14	2.15671	161.154
14	2.17978	165.291
14	2.20284	152.285
14	2.22591	132.732
14	2.24898	114.25
14	2.27204	102.907
14	2.29511	105.307
15	0.0115332	0
15	0.0345996	0
15	0.0576661	0
15	0.0807325	0
15	0.103799	0
15	0.126865	0
15	0.149932	0
15	0.172998	0
15	0.196065	0
15	0.219131	0
15	0.242198	0
15	0.265264	0
15	0.28833	0
15	0.311397	0
15	0.334463	0
15	0.35753	0
15	0.380596	0
15	0.403663	0
15	0.426729	0
15	0.449795	0
15	0.472862	0
15	0.495928	0
15	0.518995	0
15	0.542061	0
15	0.565128	0
15	0.588194	0
15	0.61126	0
15	0.634327	0
15	0.657393	0
15	0.68046	0
15	0.703526	0
15	0.726593	0
15	0.749659	0
15	0.772725	0
15	0.795792	0
15	0.818858	0
15	0.841925	0
15	0.864991	0
15	0.888058	0.002
15	0.911124	0.089
15	0.93419	1.397
15	0.957257	9.134
15	0.980323	33.095
15	1.00339	77.823
15	1.02646	131.497
15	1.04952	175.031
15	1.07259	193.902
15	1.09566	185.563
15	1.11872	158.14
15	1.14179	121.53
15	1.16485	84.649
15	1.18792	55.664
15	1.21099	33.113
15	1.23405	18.23
15	1.25712	9.522
15	1.28019	4.754
15	1.30325	2.794
15	1.32632	2.566
15	1.34939	3.68
15	1.37245	6.828
15	1.39552	12.143
15	1.41859	21.171
15	1.44165	32.289
15	1.46472	46.254
15	1.48778	60.784
15	1.51085	73.223
15	1.53392	78.48
15	1.55698	77.819
15	1.58005	69.342
15	1.60312	56.36
15	1.62618	42.398
15	1.64925	29.116
15	1.67232	21.373
15	1.69538	18.885
15	1.71845	25.546
15	1.74152	44.754
15	1.76458	79.536
15	1.78765	131.308
15	1.81071	194.671
15	1.83378	260.381
15	1.85685	308.66
15	1.87991	331.24
15	1.90298	318.944
15	1.92605	280.225
15	1.94911	222.74
15	1.97218	161.595
15	1.99525	108.913
15	2.01831	75.399
15	2.04138	61.084
15	2.06445	66.824
15	2.08751	87.404
15	2.11058	116.338
15	2.13364	143.812
15	2.15671	162.022
15	2.17978	167.216
15	2.20284	155.01
15	2.22591	133.59
15	2.24898	113.665
15	2.27204	101.126
15	2.29511	103.334
16	0.0115332	0
16	0.0345996	0
16	0.0576661	0
16	0.0807325	0
16	0.103799	0
16	0.126865	0
16	0.149932	0
16	0.172998	0
16	0.196065	0
16	0.219131	0
16	0.242198	0
16	0.265264	0
16	0.28833	0
16	0.311397	0
16	0.334463	0
16	0.35753	0
16	0.380596	0
16	0.403663	0
16	0.426729	0
16	0.449795	0
16	0.472862	0
16	0.495928	0
16	0.518995	0
16	0.542061	0
16	0.565128	0
16	0.588194	0
16	0.61126	0
16	0.634327	0
16	0.657393	0
16	0.68046	0
16	0.703526	0
16	0.726593	0
16	0.749659	0
16	0.772725	0
16	0.795792	0
16	0.818858	0
16	0.841925	0
16	0.864991	0
16	0.888058	0
16	0.911124	0.112
16	0.93419	1.429
16	0.957257	8.944
16	0.980323	31.756
16	1.00339	76.547
16	1.02646	131.113
16	1.04952	175.413
16	1.07259	196.255
16	1.09566	187.775
16	1.11872	159.099
16	1.14179	121.884
16	1.16485	85.419
16	1.18792	54.46
16	1.21099	32.145
16	1.23405	17.606
16	1.25712	9.218
16	1.28019	4.361
16	1.30325	2.338
16	1.32632	2.128
16	1.34939	3.387
16	1.37245	6.186
16	1.39552	12.005
16	1.41859	20.453
16	1.44165	32.48
16	1.46472	47.612
16	1.48778	61.739
16	1.51085	73.42
16	1.53392	78.558
16	1.55698	77.87
16	1.58005	70.159
16	1.60312	56.703
16	1.62618	42.572
16	1.64925	29.336
16	1.67232	19.853
16	1.69538	17.352
16	1.71845	24.485
16	1.74152	43.29
16	1.76458	77.661
16	1.78765	130.641
16	1.81071	195.877
16	1.83378	260.692
16	1.85685	310.233
16	1.87991	336.457
16	1.90298	324.128
16	1.92605	281.198
16	1.94911	221.029
16	1.97218	160.07
16	1.99525	107.44
16	2.01831	73.314
16	2.04138	59.372
16	2.06445	64.923
16	2.08751	85.546
16	2.11058	115.479
16	2.13364	144.698
16	2.15671	164.818
16	2.17978	169.171
16	2.20284	155.25
16	2.22591	134.679
16	2.24898	113.428
16	2.27204	99.005
16	2.29511	102.193
17	0.0115332	0
17	0.0345996	0
17	0.0576661	0
17	0.0807325	0
17	0.103799	0
17	0.126865	0
17	0.149932	0
17	0.172998	0
17	0.196065	0
17	0.219131	0
17	0.242198	0
17	0.265264	0
17	0.28833	0
17	0.311397	0
17	0.334463	0
17	0.35753	0
17	0.380596	0
17	0.403663	0
17	0.426729	0
17	0.449795	0
17	0.472862	0
17	0.495928	0
17	0.518995	0
17	0.542061	0
17	0.565128	0
17	0.588194	0
17	0.61126	0
17	0.634327	0
17	0.657393	0
17	0.68046	0
17	0.703526	0
17	0.726593	0
17	0.749659	0
17	0.772725	0
17	0.795792	0
17	0.818858	0
17	0.841925	0
17	0.864991	0
17	0.888058	0.001
17	0.911124	0.077
17	0.93419	1.361
17	0.957257	9.022
17	0.980323	33.535
17	1.00339	77.41
17	1.02646	132.864
17	1.04952	175.624
17	1.07259	193.204
17	1.09566	184.748
17	1.11872	157.585
17	1.14179	120.812
17	1.16485	84.778
17	1.18792	55.391
17	1.21099	32.992
17	1.23405	18.671
17	1.25712	9.688
17	1.28019	5.222
17	1.30325	2.922
17	1.32632	2.524
17	1.34939	3.724
17	1.37245	6.727
17	1.39552	12.444
17	1.41859	21.027
17	1.44165	31.923
17	1.46472	46.126
17	1.48778	61.26
17	1.51085	72.42
17	1.53392	78.639
17	1.55698	77.39
17	1.58005	70.041
17	1.60312	56.949
17	1.62618	42.762
17	1.64925	29.539
17	1.67232	21.187
17	1.69538	19.099
17	1.71845	25.779
17	1.74152	44.946
17	1.76458	80.557
17	1.78765	131.688
17	1.81071	194.829
17	1.83378	258.673
17	1.85685	309.291
17	1.87991	329.221
17	1.90298	319.257
17	1.92605	277.801
17	1.94911	220.647
17	1.97218	160.347
17	1.99525	110.912
17	2.01831	76.63
17	2.04138	62.893
17	2.06445	68.367
17	2.08751	87.735
17	2.11058	116.191
17	2.13364	143.849
17	2.15671	162.571
17	2.17978	167.474
17	2.20284	152.827
17	2.22591	131.519
17	2.24898	113.966
17	2.27204	101.627
17	2.29511	103.373
18	0.0115332	0
18	0.0345996	0
18	0.0576661	0
18	0.0807325	0
18	0.103799	0
18	0.126865	0
18	0.149932	0
18	0.172998	0
18	0.196065	0
18	0.219131	0
18	0.242198	0
18	0.265264	0
18	0.28833	0
18	0.311397	0
18	0.334463	0
18	0.35753	0
18	0.380596	0
18	0.403663	0
18	0.426729	0
18	0.449795	0
18	0.472862	0
18	0.495928	0
18	0.518995	0
18	0.542061	0
18	0.565128	0
18	0.588194	0
18	0.61126	0
18	0.634327	0
18	0.657393	0
18	0.68046	0
18	0.703526	0
18	0.726593	0
18	0.749659	0
18	0.772725	0
18	0.795792	0
18	0.818858	0
18	0.841925	0
18	0.864991	0
18	0.888058	0.001
18	0.911124	0.095
18	0.93419	1.502
18	0.957257	9.436
18	0.980323	33.735
18	1.00339	78.398
18	1.02646	132.092
18	1.04952	174.584
18	1.07259	193.757
18	1.09566	183.804
18	1.11872	156.352
18	1.14179	120.715
18	1.16485	84.945
18	1.18792	55.606
18	1.21099	33.802
18	1.23405	19.357
18	1.25712	9.947
18	1.28019	5.163
18	1.30325	2.9
18	1.32632	2.606
18	1.34939	3.926
18	1.37245	7.089
18	1.39552	12.466
18	1.41859	21.229
18	1.44165	32.579
18	1.46472	46.024
18	1.48778	60.252
18	1.51085	71.945
18	1.53392	78.408
18	1.55698	76.845
18	1.58005	69.074
18	1.60312	56.76
18	1.62618	42.575
18	1.64925	29.847
18	1.67232	21.045
18	1.69538	19.764
18	1.71845	26.947
18	1.74152	46.452
18	1.76458	80.9
18	1.78765	133.444
18	1.81071	193.331
18	1.83378	257.091
18	1.85685	307.504
18	1.87991	329.515
18	1.90298	317.826
18	1.92605	277.065
18	1.94911	221.226
18	1.97218	162.355
18	1.99525	111.028
18	2.01831	76.347
18	2.04138	62.92
18	2.06445	67.437
18	2.08751	88.134
18	2.11058	116.464
18	2.13364	143.392
18	2.15671	163.183
18	2.17978	167.115
18	2.20284	154.323
18	2.22591	132.944
18	2.24898	115.541
18	2.27204	102.048
18	2.29511	105.034
19	0.0115332	0
19	0.0345996	0
19	0.0576661	0
19	0.0807325	0
19	0.103799	0
19	0.126865	0
19	0.149932	0
19	0.172998	0
19	0.196065	0
19	0.219131	0
19	0.242198	0
19	0.265264	0
19	0.28833	0
19	0.311397	0
19	0.334463	0
19	0.35753	0
19	0.380596	0
19	0.403663	0
19	0.426729	0
19	0.449795	0
19	0.472862	0
19	0.495928	0
19	0.518995	0
19	0.542061	0
19	0.565128	0
19	0.588194	0
19	0.61126	0
19	0.634327	0
19	0.657393	0
19	0.68046	0
19	0.703526	0
19	0.726593	0
19	0.749659	0
19	0.772725	0
19	0.795792	0
19	0.818858	0
19	0.841925	0
19	0.864991	0
19	0.888058	0.006
19	0.911124	0.086
19	0.93419	1.399
19	0.957257	9.137
19	0.980323	33.426
19	1.00339	78.087
19	1.02646	132.579
19	1.04952	175.112
19	1.07259	193.147
19	1.09566	185.69
19	1.11872	157.482
19	1.14179	119.884
19	1.16485	84.402
19	1.18792	55.418
19	1.21099	33.22
19	1.23405	18.528
19	1.25712	9.809
19	1.28019	5.049
19	1.30325	2.964
19	1.32632	2.607
19	1.34939	3.931
19	1.37245	7.159
19	1.39552	12.393
19	1.41859	21.021
19	1.44165	32.395
19	1.46472	46.313
19	1.48778	60.457
19	1.51085	72.125
19	1.53392	78.639
19	1.55698	78.124
19	1.58005	69.311
19	1.60312	56.715
19	1.62618	42.802
19	1.64925	29.522
19	1.67232	21.165
19	1.69538	19.067
19	1.71845	26.372
19	1.74152	46.206
19	1.76458	81.214
19	1.78765	132.709
19	1.81071	194.471
19	1.83378	258.947
19	1.85685	307.714
19	1.87991	327.713
19	1.90298	317.615
19	1.92605	277.236
19	1.94911	219.994
19	1.97218	161.578
19	1.99525	110.654
19	2.01831	77.526
19	2.04138	63.418
19	2.06445	68.015
19	2.08751	88.747
19	2.11058	116.009
19	2.13364	144.987
19	2.15671	161.836
19	2.17978	166.171
19	2.20284	152.874
19	2.22591	131.919
19	2.24898	113.812
19	2.27204	102.121
19	2.29511	104.546
20	0.0115332	0
20	0.0345996	0
20	0.0576661	0
20	0.0807325	0
20	0.103799	0
20	0.126865	0
20	0.149932	0
20	0.172998	0
20	0.196065	0
20	0.219131	0
20	0.242198	0
20	0.265264	0
20	0.28833	0
20	0.311397	0
20	0.334463	0
20	0.35753	0
20	0.380596	0
20	0.403663	0
20	0.426729	0
20	0.449795	0
20	0.472862	0
20	0.495928	0
20	0.518995	0
20	0.542061	0
20	0.565128	0
20	0.588194	0
20	0.61126	0
20	0.634327	0
20	0.657393	0
20	0.68046	0
20	0.703526	0
20	0.726593	0
20	0.749659	0
20	0.772725	0
20	0.795792	0
20	0.818858	0
20	0.841925	0
20	0.864991	0
20	0.888058	0.002
20	0.911124	0.094
20	0.93419	1.431
20	0.957257	9.337
20	0.980323	33.489
20	1.00339	77.618
20	1.02646	131.268
20	1.04952	174.954
20	1.07259	194.186
20	1.09566	186.708
20	1.11872	157.394
20	1.14179	120.423
20	1.16485	84.864
20	1.18792	54.499
20	1.21099	33.044
20	1.23405	18.659
20	1.25712	9.726
20	1.28019	5.15
20	1.30325	2.865
20	1.32632	2.611
20	1.34939	3.903
20	1.37245	7.238
20	1.39552	12.279
20	1.41859	20.855
20	1.44165	32.6
20	1.46472	46.471
20	1.48778	60.236
20	1.51085	72.144
20	1.53392	78.299
20	1.55698	77.887
20	1.58005	69.369
20	1.60312	57.053
20	1.62618	42.622
20	1.64925	29.247
20	1.67232	21.353
20	1.69538	19.44
20	1.71845	26.191
20	1.74152	45.278
20	1.76458	80.39
20	1.78765	131.841
20	1.81071	195.984
20	1.83378	259.394
20	1.85685	308.281
20	1.87991	329.222
20	1.90298	316.596
20	1.92605	277.602
20	1.94911	221.037
20	1.97218	161.371
20	1.99525	110.352
20	2.01831	76.816
20	2.04138	62.388
20	2.06445	68.654
20	2.08751	88.414
20	2.11058	117.038
20	2.13364	143.142
20	2.15671	162.889
20	2.17978	167.384
20	2.20284	152.814
20	2.22591	132.48
20	2.24898	114.321
20	2.27204	100.781
20	2.29511	103.613
21	0.0115332	0
21	0.0345996	0
21	0.0576661	0
21	0.0807325	0
21	0.103799	0
21	0.126865	0
21	0.149932	0
21	0.172998	0
21	0.196065	0
21	0.219131	0
21	0.242198	0
21	0.265264	0
21	0.28833	0
21	0.311397	0
21	0.334463	0
21	0.35753	0
21	0.380596	0
21	0.403663	0
21	0.426729	0
21	0.449795	0
21	0.472862	0
21	0.495928	0
21	0.518995	0
21	0.542061	0
21	0.565128	0
21	0.588194	0
21	0.61126	0
21	0.634327	0
21	0.657393	0
21	0.68046	0
21	0.703526	0
21	0.726593	0
21	0.749659	0
21	0.772725	0
21	0.795792	0
21	0.818858	0
21	0.841925	0
21	0.864991	0
21	0.888058	0
21	0.911124	0.089
21	0.93419	1.36
21	0.957257	9.069
21	0.980323	33.134
21	1.00339	77.388
21	1.02646	131.889
21	1.04952	175.776
21	1.07259	193.479
21	1.09566	186.091
21	1.11872	158.437
21	1.14179	120.561
21	1.16485	85.166
21	1.18792	55.312
21	1.21099	32.465
21	1.23405	18.18
21	1.25712	9.727
21	1.28019	5.012
21	1.30325	2.858
21	1.32632	2.309
21	1.34939	3.488
21	1.37245	6.597
21	1.39552	11.796
21	1.41859	20.77
21	1.44165	32.424
21	1.46472	46.203
21	1.48778	60.152
21	1.51085	73.299
21	1.53392	80.034
21	1.55698	78.89
21	1.58005	69.84
21	1.60312	57.175
21	1.62618	42.26
21	1.64925	28.969
21	1.67232	20.531
21	1.69538	18.511
21	1.71845	24.902
21	1.74152	44.955
21	1.76458	79.615
21	1.78765	132.066
21	1.81071	195.398
21	1.83378	258.953
21	1.85685	308.303
21	1.87991	332.259
21	1.90298	319.688
21	1.92605	279.116
21	1.94911	221.609
21	1.97218	160.575
21	1.99525	109.268
21	2.01831	75.219
21	2.04138	61.857
21	2.06445	67.102
21	2.08751	87.242
21	2.11058	116.326
21	2.13364	144.324
21	2.15671	162.892
21	2.17978	166.938
21	2.20284	154.283
21	2.22591	132.623
21	2.24898	113.499
21	2.27204	100.344
21	2.29511	101.042
22	0.0115332	0
22	0.0345996	0
22	0.0576661	0
22	0.0807325	0
22	0.103799	0
22	0.126865	0
22	0.149932	0
22	0.172998	0
22	0.196065	0
22	0.219131	0
22	0.242198	0
22	0.265264	0
22	0.28833	0
22	0.311397	0
22	0.334463	0
22	0.35753	0
22	0.380596	0
22	0.403663	0
22	0.426729	0
22	0.449795	0
22	0.472862	0
22	0.495928	0
22	0.518995	0
22	0.542061	0
22	0.565128	0
22	0.588194	0
22	0.61126	0
22	0.634327	0
22	0.657393	0
22	0.68046	0
22	0.703526	0
22	0.726593	0
22	0.749659	0
22	0.772725	0
22	0.795792	0
22	0.818858	0
22	0.841925	0
22	0.864991	0
22	0.888058	0.007
22	0.911124	0.1
22	0.93419	1.392
22	0.957257	9.327
22	0.980323	33.43
22	1.00339	77.866
22	1.02646	131.953
22	1.04952	175.697
22	1.07259	193.726
22	1.09566	184.902
22	1.11872	156.803
22	1.14179	120.494
22	1.16485	84.442
22	1.18792	55.971
22	1.21099	33.029
22	1.23405	18.674
22	1.25712	9.98
22	1.28019	5.144
22	1.30325	2.941
22	1.32632	2.646
22	1.34939	3.847
22	1.37245	6.974
22	1.39552	12.36
22	1.41859	21.066
22	1.44165	32.543
22	1.46472	46.523
22	1.48778	60.669
22	1.51085	71.76
22	1.53392	78.748
22	1.55698	77.157
22	1.58005	69.632
22	1.60312	55.914
22	1.62618	42.514
22	1.64925	30.236
22	1.67232	21.169
22	1.69538	19.208
22	1.71845	26.116
22	1.74152	45.974
22	1.76458	80.599
22	1.78765	132.725
22	1.81071	195.266
22	1.83378	258.593
22	1.85685	307.282
22	1.87991	330.539
22	1.90298	318.183
22	1.92605	277.087
22	1.94911	220.467
22	1.97218	160.703
22	1.99525	109.747
22	2.01831	76.908
22	2.04138	61.971
22	2.06445	67.802
22	2.08751	87.975
22	2.11058	117.456
22	2.13364	144.292
22	2.15671	163.445
22	2.17978	166.976
22	2.20284	154.137
22	2.22591	133.327
22	2.24898	113.934
22	2.27204	102.05
22	2.29511	103.855
23	0.0115332	0
23	0.0345996	0
23	0.0576661	0
23	0.0807325	0
23	0.103799	0
23	0.126865	0
23	0.149932	0
23	0.172998	0
23	0.196065	0
23	0.219131	0
23	0.242198	0
23	0.265264	0
23	0.28833	0
23	0.311397	0
23	0.334463	0
23	0.35753	0
23	0.380596	0
23	0.403663	0
23	0.426729	0
23	0.449795	0
23	0.472862	0
23	0.495928	0
23	0.518995	0
23	0.542061	0
23	0.565128	0
23	0.588194	0
23	0.61126	0
23	0.634327	0
23	0.657393	0
23	0.68046	0
23	0.703526	0
23	0.726593	0
23	0.749659	0
23	0.772725	0
23	0.795792	0
23	0.818858	0
23	0.841925	0
23	0.864991	0
23	0.888058	0
23	0.911124	0.072
23	0.93419	1.47
23	0.957257	9.095
23	0.980323	32.968
23	1.00339	76.776
23	1.02646	131.219
23	1.04952	174.939
23	1.07259	194.551
23	1.09566	187.714
23	1.11872	158.447
23	1.14179	121.58
23	1.16485	85.223
23	1.18792	54.073
23	1.21099	32.592
23	1.23405	17.988
23	1.25712	9.593
23	1.28019	4.795
23	1.30325	2.952
23	1.32632	2.357
23	1.34939	3.666
23	1.37245	6.6
23	1.39552	12.175
23	1.41859	20.831
23	1.44165	31.703
23	1.46472	46.462
23	1.48778	60.535
23	1.51085	73.146
23	1.53392	79.216
23	1.55698	78.5
23	1.58005	70.914
23	1.60312	56.493
23	1.62618	42.016
23	1.64925	29.303
23	1.67232	20.624
23	1.69538	18.317
23	1.71845	24.846
23	1.74152	43.836
23	1.76458	78.626
23	1.78765	131.118
23	1.81071	195.002
23	1.83378	260.368
23	1.85685	310.212
23	1.87991	334.712
23	1.90298	321.603
23	1.92605	278.313
23	1.94911	221.383
23	1.97218	159.989
23	1.99525	108.115
23	2.01831	74.229
23	2.04138	60.368
23	2.06445	66.925
23	2.08751	87.183
23	2.11058	116.243
23	2.13364	144.906
23	2.15671	163.503
23	2.17978	169.222
23	2.20284	154.616
23	2.22591	133.385
23	2.24898	113.294
23	2.27204	99.978
23	2.29511	102.004
24	0.0115332	0
24	0.0345996	0
24	0.0576661	0
24	0.0807325	0
24	0.103799	0
24	0.126865	0
24	0.149932	0
24	0.172998	0
24	0.196065	0
24	0.219131	0
24	0.242198	0
24	0.265264	0
24	0.28833	0
24	0.311397	0
24	0.334463	0
24	0.35753	0
24	0.380596	0
24	0.403663	0
24	0.426729	0
24	0.449795	0
24	0.472862	0
24	0.495928	0
24	0.518995	0
24	0.542061	0
24	0.565128	0
24	0.588194	0
24	0.61126	0
24	0.634327	0
24	0.657393	0
24	0.68046	0
24	0.703526	0
24	0.726593	0
24	0.749659	0
24	0.772725	0
24	0.795792	0
24	0.818858	0
24	0.841925	0
24	0.864991	0
24	0.888058	0.007
24	0.911124	0.087
24	0.93419	1.347
24	0.957257	9.193
24	0.980323	33.404
24	1.00339	78.032
24	1.02646	131.196
24	1.04952	174.747
24	1.07259	194.216
24	1.09566	186.014
24	1.11872	158.57
24	1.14179	120.909
24	1.16485	84.572
24	1.18792	54.95
24	1.21099	32.697
24	1.23405	18.415
24	1.25712	9.548
24	1.28019	4.939
24	1.30325	2.93
24	1.32632	2.379
24	1.34939	3.597
24	1.37245	6.551
24	1.39552	12.285
24	1.41859	20.208
24	1.44165	32.391
24	1.46472	46.272
24	1.48778	60.924
24	1.51085	73.45
24	1.53392	79.316
24	1.55698	78.606
24	1.58005	69.918
24	1.60312	56.733
24	1.62618	42.516
24	1.64925	29.378
24	1.67232	20.619
24	1.69538	18.259
24	1.71845	25.702
24	1.74152	44.774
24	1.76458	80.001
24	1.78765	131.898
24	1.81071	195.424
24	1.83378	258.186
24	1.85685	308.7
24	1.87991	329.975
24	1.90298	319.479
24	1.92605	281.3
24	1.94911	221.114
24	1.97218	160.774
24	1.99525	110.426
24	2.01831	75.116
24	2.04138	61.457
24	2.06445	66.84
24	2.08751	87.484
24	2.11058	115.266
24	2.13364	143.728
24	2.15671	163.845
24	2.17978	168.508
24	2.20284	154.459
24	2.22591	132.448
24	2.24898	112.331
24	2.27204	98.848
24	2.29511	102.052
25	0.0115332	0
25	0.0345996	0
25	0.0576661	0
25	0.0807325	0
25	0.103799	0
25	0.126865	0
25	0.149932	0
25	0.172998	0
25	0.196065	0
25	0.219131	0
25	0.242198	0
25	0.265264	0
25	0.28833	0
25	0.311397	0
25	0.334463	0
25	0.35753	0
25	0.380596	0
25	0.403663	0
25	0.426729	0
25	0.449795	0
25	0.472862	0
25	0.495928	0
25	0.518995	0
25	0.542061	0
25	0.565128	0
25	0.588194	0
25	0.61126	0
25	0.634327	0
25	0.657393	0
25	0.68046	0
25	0.703526	0
25	0.726593	0
25	0.749659	0
25	0.772725	0
25	0.795792	0
25	0.818858	0
25	0.841925	0
25	0.864991	0
25	0.888058	0.004
25	0.911124	0.076
25	0.93419	1.456
25	0.957257	9.576
25	0.980323	33.108
25	1.00339	78.912
25	1.02646	130.539
25	1.04952	174.569
25	1.07259	193.763
25	1.09566	185.235
25	1.11872	158.094
25	1.14179	121.03
25	1.16485	85.175
25	1.18792	55.184
25	1.21099	32.655
25	1.23405	18.535
25	1.25712	9.866
25	1.28019	5.094
25	1.30325	2.929
25	1.32632	2.609
25	1.34939	3.749
25	1.37245	6.769
25	1.39552	12.41
25	1.41859	20.759
25	1.44165	32.22
25	1.46472	46.341
25	1.48778	61.384
25	1.51085	72.357
25	1.53392	79.454
25	1.55698	77.448
25	1.58005	69.443
25	1.60312	56.151
25	1.62618	41.751
25	1.64925	29.839
25	1.67232	21.489
25	1.69538	18.89
25	1.71845	26.218
25	1.74152	45.747
25	1.76458	80.878
25	1.78765	132.142
25	1.81071	194.932
25	1.83378	259.092
25	1.85685	306.506
25	1.87991	330.198
25	1.90298	317.563
25	1.92605	279.51
25	1.94911	220.885
25	1.97218	161.497
25	1.99525	110.424
25	2.01831	75.854
25	2.04138	62.345
25	2.06445	67.554
25	2.08751	88.147
25	2.11058	117.087
25	2.13364	143.751
25	2.15671	161.936
25	2.17978	165.986
25	2.20284	153.58
25	2.22591	133.679
25	2.24898	113.49
25	2.27204	102.219
25	2.29511	104.685
26	0.0115332	0
26	0.0345996	0
26	0.0576661	0
26	0.0807325	0
26	0.103799	0
26	0.126865	0
26	0.149932	0
26	0.172998	0
26	0.196065	0
26	0.219131	0
26	0.242198	0
26	0.265264	0
26	0.28833	0
26	0.311397	0
26	0.334463	0
26	0.35753	0
26	0.380596	0
26	0.403663	0
26	0.426729	0
26	0.449795	0
26	0.472862	0
26	0.495928	0
26	0.518995	0
26	0.542061	0
26	0.565128	0
26	0.588194	0
26	0.61126	0
26	0.634327	0
26	0.657393	0
26	0.68046	0
26	0.703526	0
26	0.726593	0
26	0.749659	0
26	0.772725	0
26	0.795792	0
26	0.818858	0
26	0.841925	0
26	0.864991	0
26	0.888058	0.003
26	0.911124	0.091
26	0.93419	1.399
26	0.957257	9.184
26	0.980323	33.585
26	1.00339	78.145
26	1.02646	130.958
26	1.04952	174.917
26	1.07259	194.214
26	1.09566	185.784
26	1.11872	157.233
26	1.14179	120.902
26	1.16485	84.702
26	1.18792	55.16
26	1.21099	32.947
26	1.23405	18.782
26	1.25712	10.062
26	1.28019	5.071
26	1.30325	2.683
26	1.32632	2.481
26	1.34939	3.728
26	1.37245	6.736
26	1.39552	12.32
26	1.41859	20.872
26	1.44165	32.504
26	1.46472	46.425
26	1.48778	61.117
26	1.51085	72.629
26	1.53392	78.511
26	1.55698	78.221
26	1.58005	69.491
26	1.60312	55.999
26	1.62618	42.029
26	1.64925	29.897
26	1.67232	21.253
26	1.69538	19.247
26	1.71845	26.265
26	1.74152	45.564
26	1.76458	79.799
26	1.78765	130.859
26	1.81071	195.157
26	1.83378	259.137
26	1.85685	308.895
26	1.87991	330.444
26	1.90298	319.069
26	1.92605	276.898
26	1.94911	221.162
26	1.97218	161.248
26	1.99525	110.321
26	2.01831	75.697
26	2.04138	63
26	2.06445	67.414
26	2.08751	87.888
26	2.11058	116.358
26	2.13364	144.239
26	2.15671	161.84
26	2.17978	167.675
26	2.20284	154.33
26	2.22591	132.921
26	2.24898	113.211
26	2.27204	101.619
26	2.29511	104.382
27	0.0115332	0
27	0.0345996	0
27	0.0576661	0
27	0.0807325	0
27	0.103799	0
27	0.126865	0
27	0.149932	0
27	0.172998	0
27	0.196065	0
27	0.219131	0
27	0.242198	0
27	0.265264	0
27	0.28833	0
27	0.311397	0
27	0.334463	0
27	0.35753	0
27	0.380596	0
27	0.403663	0
27	0.426729	0
27	0.449795	0
27	0.472862	0
27	0.495928	0
27	0.518995	0
27	0.542061	0
27	0.565128	0
27	0.588194	0
27	0.61126	0
27	0.634327	0
27	0.657393	0
27	0.68046	0
27	0.703526	0
27	0.726593	0
27	0.749659	0
27	0.772725	0
27	0.795792	0
27	0.818858	0
27	0.841925	0
27	0.864991	0
27	0.888058	0.003
27	0.911124	0.084
27	0.93419	1.392
27	0.957257	9.538
27	0.980323	33.311
27	1.00339	79.216
27	1.02646	131.45
27	1.04952	175.41
27	1.07259	193.101
27	1.09566	184.773
27	1.11872	157.113
27	1.14179	119.621
27	1.16485	84.466
27	1.18792	55.377
27	1.21099	33.781
27	1.23405	18.656
27	1.25712	10.172
27	1.28019	5.266
27	1.30325	2.958
27	1.32632	2.708
27	1.34939	3.936
27	1.37245	6.912
27	1.39552	12.561
27	1.41859	21.127
27	1.44165	32.674
27	1.46472	46.269
27	1.48778	61.102
27	1.51085	71.799
27	1.53392	78.01
27	1.55698	76.824
27	1.58005	69.357
27	1.60312	57.017
27	1.62618	42.673
27	1.64925	29.435
27	1.67232	21.459
27	1.69538	19.348
27	1.71845	26.374
27	1.74152	46.628
27	1.76458	81.862
27	1.78765	132.39
27	1.81071	194.842
27	1.83378	257.227
27	1.85685	307.195
27	1.87991	329.433
27	1.90298	315.995
27	1.92605	278.793
27	1.94911	220.378
27	1.97218	161.641
27	1.99525	110.629
27	2.01831	76.981
27	2.04138	63.46
27	2.06445	69.459
27	2.08751	88.449
27	2.11058	116.292
27	2.13364	143.636
27	2.15671	160.275
27	2.17978	166.473
27	2.20284	152.798
27	2.22591	132.231
27	2.24898	114.666
27	2.27204	102.542
27	2.29511	106.096
28	0.0115332	0
28	0.0345996	0
28	0.0576661	0
28	0.0807325	0
28	0.103799	0
28	0.126865	0
28	0.149932	0
28	0.172998	0
28	0.196065	0
28	0.219131	0
28	0.242198	0
28	0.265264	0
28	0.28833	0
28	0.311397	0
28	0.334463	0
28	0.35753	0
28	0.380596	0
28	0.403663	0
28	0.426729	0
28	0.449795	0
28	0.472862	0
28	0.495928	0
28	0.518995	0
28	0.542061	0
28	0.565128	0
28	0.588194	0
28	0.61126	0
28	0.634327	0
28	0.657393	0
28	0.68046	0
28	0.703526	0
28	0.726593	0
28	0.749659	0
28	0.772725	0
28	0.795792	0
28	0.818858	0
28	0.841925	0
28	0.864991	0
28	0.888058	0.003
28	0.911124	0.102
28	0.93419	1.404
28	0.957257	9.355
28	0.980323	33.098
28	1.00339	77.793
28	1.02646	131.547
28	1.04952	174.604
28	1.07259	193.528
28	1.09566	186.436
28	1.11872	158.604
28	1.14179	120.935
28	1.16485	84.463
28	1.18792	55.053
28	1.21099	33.069
28	1.23405	18.648
28	1.25712	9.473
28	1.28019	5.035
28	1.30325	2.844
28	1.32632	2.599
28	1.34939	3.656
28	1.37245	6.765
28	1.39552	12.38
28	1.41859	21.308
28	1.44165	32.452
28	1.46472	46.768
28	1.48778	60.51
28	1.51085	72.234
28	1.53392	77.46
28	1.55698	77.687
28	1.58005	70.084
28	1.60312	56.578
28	1.62618	42.311
28	1.64925	29.867
28	1.67232	21.351
28	1.69538	18.845
28	1.71845	25.842
28	1.74152	44.866
28	1.76458	80.147
28	1.78765	131.77
28	1.81071	194.911
28	1.83378	258.229
28	1.85685	308.609
28	1.87991	331.259
28	1.90298	318.832
28	1.92605	280.316
28	1.94911	221.868
28	1.97218	161.021
28	1.99525	110.471
28	2.01831	74.812
28	2.04138	61.818
28	2.06445	67.128
28	2.08751	87.258
28	2.11058	116.179
28	2.13364	142.975
28	2.15671	164.036
28	2.17978	167.312
28	2.20284	154.267
28	2.22591	132.929
28	2.24898	113.98
28	2.27204	101.954
28	2.29511	103.645
29	0.0115332	0
29	0.0345996	0
29	0.0576661	0
29	0.0807325	0
29	0.103799	0
29	0.126865	0
29	0.149932	0
29	0.172998	0
29	0.196065	0
29	0.219131	0
29	0.242198	0
29	0.265264	0
29	0.28833	0
29	0.311397	0
29	0.334463	0
29	0.35753	0
29	0.380596	0
29	0.403663	0
29	0.426729	0
29	0.449795	0
29	0.472862	0
29	0.495928	0
29	0.518995	0
29	0.542061	0
29	0.565128	0
29	0.588194	0
29	0.61126	0
29	0.634327	0
29	0.657393	0
29	0.68046	0
29	0.703526	0
29	0.726593	0
29	0.749659	0
29	0.772725	0
29	0.795792	0
29	0.818858	0
29	0.841925	0
29	0.864991	0
29	0.888058	0.002
29	0.911124	0.076
29	0.93419	1.312
29	0.957257	8.896
29	0.980323	32.935
29	1.00339	77.278
29	1.02646	131.799
29	1.04952	175.814
29	1.07259	194.413
29	1.09566	186.041
29	1.11872	158.347
29	1.14179	120.954
29	1.16485	85.25
29	1.18792	54.52
29	1.21099	32.72
29	1.23405	18.113
29	1.25712	9.727
29	1.28019	4.849
29	1.30325	2.844
29	1.32632	2.582
29	1.34939	3.878
29	1.37245	6.807
29	1.39552	12.305
29	1.41859	20.617
29	1.44165	32.449
29	1.46472	46.158
29	1.48778	61.175
29	1.51085	72.264
29	1.53392	78.909
29	1.55698	78.046
29	1.58005	69.269
29	1.60312	56.945
29	1.62618	42.079
29	1.64925	29.521
29	1.67232	21.338
29	1.69538	18.676
29	1.71845	25.036
29	1.74152	44.415
29	1.76458	79.916
29	1.78765	131.163
29	1.81071	194.008
29	1.83378	261.175
29	1.85685	309.616
29	1.87991	331.891
29	1.90298	320.248
29	1.92605	279.881
29	1.94911	220.93
29	1.97218	160.117
29	1.99525	108.795
29	2.01831	74.502
29	2.04138	61.671
29	2.06445	67.723
29	2.08751	87.381
29	2.11058	116.395
29	2.13364	144.553
29	2.15671	163.15
29	2.17978	167.062
29	2.20284	154.585
29	2.22591	132.863
29	2.24898	113.306
29	2.27204	100.883
29	2.29511	103.939
30	0.0115332	0
30	0.0345996	0
30	0.0576661	0
30	0.0807325	0
30	0.103799	0
30	0.126865	0
30	0.149932	0
30	0.172998	0
30	0.196065	0
30	0.219131	0
30	0.242198	0
30	0.265264	0
30	0.28833	0
30	0.311397	0
30	0.334463	0
30	0.35753	0
30	0.380596	0
30	0.403663	0
30	0.426729	0
30	0.449795	0
30	0.472862	0
30	0.495928	0
30	0.518995	0
30	0.542061	0
30	0.565128	0
30	0.588194	0
30	0.61126	0
30	0.634327	0
30	0.657393	0
30	0.68046	0
30	0.703526	0
30	0.726593	0
30	0.749659	0
30	0.772725	0
30	0.795792	0
30	0.818858	0
30	0.841925	0
30	0.864991	0
30	0.888058	0.003
30	0.911124	0.079
30	0.93419	1.483
30	0.957257	9.333
30	0.980323	33.078
30	1.00339	77.017
30	1.02646	131.479
30	1.04952	175.998
30	1.07259	194.142
30	1.09566	184.972
30	1.11872	157.229
30	1.14179	121.704
30	1.16485	85.549
30	1.18792	55.098
30	1.21099	33.205
30	1.23405	18.45
30	1.25712	9.681
30	1.28019	4.859
30	1.30325	2.824
30	1.32632	2.457
30	1.34939	3.616
30	1.37245	6.777
30	1.39552	12.29
30	1.41859	20.609
30	1.44165	32.6
30	1.46472	47.024
30	1.48778	61.298
30	1.51085	72.847
30	1.53392	78.092
30	1.55698	76.759
30	1.58005	68.818
30	1.60312	57.064
30	1.62618	42.645
30	1.64925	29.378
30	1.67232	21.338
30	1.69538	18.9
30	1.71845	25.663
30	1.74152	45.285
30	1.76458	80.16
30	1.78765	131.46
30	1.81071	196.155
30	1.83378	257.167
30	1.85685	308.473
30	1.87991	330.373
30	1.90298	319.949
30	1.92605	279.362
30	1.94911	221.295
30	1.97218	161.124
30	1.99525	110.244
30	2.01831	75.793
30	2.04138	61.826
30	2.06445	67.552
30	2.08751	88.326
30	2.11058	115.567
30	2.13364	144.231
30	2.15671	162.228
30	2.17978	167.67
30	2.20284	153.961
30	2.22591	132.913
30	2.24898	113.895
30	2.27204	102.499
30	2.29511	104.344
31	0.0115332	0
31	0.0345996	0
31	0.0576661	0
31	0.0807325	0
31	0.103799	0
31	0.126865	0
31	0.149932	0
31	0.172998	0
31	0.196065	0
31	0.219131	0
31	0.242198	0
31	0.265264	0
31	0.28833	0
31	0.311397	0
31	0.334463	0
31	0.35753	0
31	0.380596	0
31	0.403663	0
31	0.426729	0
31	0.449795	0
31	0.472862	0
31	0.495928	0
31	0.518995	0
31	0.542061	0
31	0.565128	0
31	0.588194	0
31	0.61126	0
31	0.634327	0
31	0.657393	0
31	0.68046	0
31	0.703526	0
31	0.726593	0
31	0.749659	0
31	0.772725	0
31	0.795792	0
31	0.818858	0
31	0.841925	0
31	0.864991	0
31	0.888058	0
31	0.911124	0.085
31	0.93419	1.354
31	0.957257	8.845
31	0.980323	33.064
31	1.00339	77.129
31	1.02646	131.179
31	1.04952	175.963
31	1.07259	194.835
31	1.09566	186.025
31	1.11872	159.379
31	1.14179	121.141
31	1.16485	85.074
31	1.18792	54.556
31	1.21099	32.04
31	1.23405	18.035
31	1.25712	9.544
31	1.28019	4.712
31	1.30325	2.746
31	1.32632	2.252
31	1.34939	3.416
31	1.37245	6.372
31	1.39552	11.619
31	1.41859	20.437
31	1.44165	32.02
31	1.46472	46.626
31	1.48778	61.316
31	1.51085	73.627
31	1.53392	80.098
31	1.55698	79.078
31	1.58005	70.528
31	1.60312	56.803
31	1.62618	42.317
31	1.64925	28.986
31	1.67232	19.981
31	1.69538	17.707
31	1.71845	24.991
31	1.74152	43.769
31	1.76458	79.052
31	1.78765	132.74
31	1.81071	195.497
31	1.83378	260.225
31	1.85685	310.648
31	1.87991	331.211
31	1.90298	320.325
31	1.92605	279.59
31	1.94911	220.822
31	1.97218	159.947
31	1.99525	108.548
31	2.01831	74.782
31	2.04138	61.25
31	2.06445	66.776
31	2.08751	87.825
31	2.11058	115.866
31	2.13364	144.122
31	2.15671	162.55
31	2.17978	169.053
31	2.20284	154.4
31	2.22591	133.466
31	2.24898	112.29
31	2.27204	99.507
31	2.29511	100.468
32	0.0115332	0
32	0.0345996	0
32	0.0576661	0
32	0.0807325	0
32	0.103799	0
32	0.126865	0
32	0.149932	0
32	0.172998	0
32	0.196065	0
32	0.219131	0
32	0.242198	0
32	0.265264	0
32	0.28833	0
32	0.311397	0
32	0.334463	0
32	0.35753	0
32	0.380596	0
32	0.403663	0
32	0.426729	0
32	0.449795	0
32	0.472862	0
32	0.495928	0
32	0.518995	0
32	0.542061	0
32	0.565128	0
32	0.588194	0
32	0.61126	0
32	0.634327	0
32	0.657393	0
32	0.68046	0
32	0.703526	0
32	0.726593	0
32	0.749659	0
32	0.772725	0
32	0.795792	0
32	0.818858	0
32	0.841925	0
32	0.864991	0
32	0.888058	0.004
32	0.911124	0.078
32	0.93419	1.431
32	0.957257	9.139
32	0.980323	32.628
32	1.00339	76.675
32	1.02646	131.293
32	1.04952	175.376
32	1.07259	195.549
32	1.09566	186.778
32	1.11872	158.315
32	1.14179	121.874
32	1.16485	85.148
32	1.18792	54.176
32	1.21099	32.571
32	1.23405	18.107
32	1.25712	9.342
32	1.28019	4.833
32	1.30325	2.529
32	1.32632	2.235
32	1.34939	3.417
32	1.37245	6.718
32	1.39552	12.207
32	1.41859	20.809
32	1.44165	31.973
32	1.46472	46.408
32	1.48778	60.917
32	1.51085	72.985
32	1.53392	79.757
32	1.55698	78.222
32	1.58005	70.553
32	1.60312	56.955
32	1.62618	42.181
32	1.64925	29.16
32	1.67232	20.378
32	1.69538	18.257
32	1.71845	25.165
32	1.74152	44.416
32	1.76458	78.908
32	1.78765	130.811
32	1.81071	194.633
32	1.83378	260.525
32	1.85685	309.246
32	1.87991	332.036
32	1.90298	321.489
32	1.92605	281.173
32	1.94911	220.858
32	1.97218	160.481
32	1.99525	109.252
32	2.01831	75.094
32	2.04138	59.726
32	2.06445	65.902
32	2.08751	87.444
32	2.11058	116.665
32	2.13364	144.703
32	2.15671	163.548
32	2.17978	167.671
32	2.20284	154.04
32	2.22591	133.742
32	2.24898	113.144
32	2.27204	99.656
32	2.29511	101.492
33	0.0115332	0
33	0.0345996	0
33	0.0576661	0
33	0.0807325	0
33	0.103799	0
33	0.126865	0
33	0.149932	0
33	0.172998	0
33	0.196065	0
33	0.219131	0
33	0.242198	0
33	0.265264	0
33	0.28833	0
33	0.311397	0
33	0.334463	0
33	0.35753	0
33	0.380596	0
33	0.403663	0
33	0.426729	0
33	0.449795	0
33	0.472862	0
33	0.495928	0
33	0.518995	0
33	0.542061	0
33	0.565128	0
33	0.588194	0
33	0.61126	0
33	0.634327	0
33	0.657393	0
33	0.68046	0
33	0.703526	0
33	0.726593	0
33	0.749659	0
33	0.772725	0
33	0.795792	0
33	0.818858	0
33	0.841925	0
33	0.864991	0
33	0.888058	0.001
33	0.911124	0.11
33	0.93419	1.445
33	0.957257	8.9
33	0.980323	32.807
33	1.00339	76.905
33	1.02646	131.473
33	1.04952	175.611
33	1.07259	195.253
33	1.09566	185.881
33	1.11872	158.652
33	1.14179	122.01
33	1.16485	85.183
33	1.18792	54.778
33	1.21099	32.074
33	1.23405	18.145
33	1.25712	9.374
33	1.28019	4.669
33	1.30325	2.54
33	1.32632	2.214
33	1.34939	3.544
33	1.37245	6.559
33	1.39552	11.904
33	1.41859	20.36
33	1.44165	32.225
33	1.46472	46.331
33	1.48778	60.874
33	1.51085	73.841
33	1.53392	79.399
33	1.55698	79.001
33	1.58005	70.298
33	1.60312	57.048
33	1.62618	42.557
33	1.64925	28.723
33	1.67232	20.022
33	1.69538	17.928
33	1.71845	24.9
33	1.74152	43.805
33	1.76458	79.372
33	1.78765	131.209
33	1.81071	194.306
33	1.83378	260.855
33	1.85685	310.595
33	1.87991	332.783
33	1.90298	322.392
33	1.92605	279.455
33	1.94911	220.82
33	1.97218	160.314
33	1.99525	108.379
33	2.01831	74.814
33	2.04138	60.109
33	2.06445	66.75
33	2.08751	87.226
33	2.11058	116.159
33	2.13364	144.338
33	2.15671	163.962
33	2.17978	168.293
33	2.20284	154.14
33	2.22591	131.444
33	2.24898	112.128
33	2.27204	100.522
33	2.29511	102.259
34	0.0115332	0
34	0.0345996	0
34	0.0576661	0
34	0.0807325	0
34	0.103799	0
34	0.126865	0
34	0.149932	0
34	0.172998	0
34	0.196065	0
34	0.219131	0
34	0.242198	0
34	0.265264	0
34	0.28833	0
34	0.311397	0
34	0.334463	0
34	0.35753	0
34	0.380596	0
34	0.403663	0
34	0.426729	0
34	0.449795	0
34	0.472862	0
34	0.495928	0
34	0.518995	0
34	0.542061	0
34	0.565128	0
34	0.588194	0
34	0.61126	0
34	0.634327	0
34	0.657393	0
34	0.68046	0
34	0.703526	0
34	0.726593	0
34	0.749659	0
34	0.772725	0
34	0.795792	0
34	0.818858	0
34	0.841925	0
34	0.864991	0
34	0.888058	0.001
34	0.911124	0.106
34	0.93419	1.5
34	0.957257	9.348
34	0.980323	32.904
34	1.00339	78.389
34	1.02646	131.246
34	1.04952	176.148
34	1.07259	193.134
34	1.09566	185.126
34	1.11872	158.153
34	1.14179	120.116
34	1.16485	84.775
34	1.18792	54.912
34	1.21099	33.819
34	1.23405	18.366
34	1.25712	9.873
34	1.28019	5.12
34	1.30325	2.886
34	1.32632	2.485
34	1.34939	3.667
34	1.37245	6.573
34	1.39552	12.223
34	1.41859	20.769
34	1.44165	32.098
34	1.46472	46.89
34	1.48778	60.702
34	1.51085	72.969
34	1.53392	78.982
34	1.55698	77.696
34	1.58005	69.755
34	1.60312	56.977
34	1.62618	41.984
34	1.64925	29.176
34	1.67232	21.315
34	1.69538	19.257
34	1.71845	26.256
34	1.74152	46.356
34	1.76458	80.809
34	1.78765	132.107
34	1.81071	193.927
34	1.83378	259.334
34	1.85685	307.569
34	1.87991	329.148
34	1.90298	317.1
34	1.92605	277.918
34	1.94911	221.062
34	1.97218	160.815
34	1.99525	110.274
34	2.01831	76.574
34	2.04138	63.447
34	2.06445	68.452
34	2.08751	88.049
34	2.11058	116.466
34	2.13364	143.734
34	2.15671	161.7
34	2.17978	166.936
34	2.20284	153.536
34	2.22591	132.862
34	2.24898	113.386
34	2.27204	102.229
34	2.29511	104.334
35	0.0115332	0
35	0.0345996	0
35	0.0576661	0
35	0.0807325	0
35	0.103799	0
35	0.126865	0
35	0.149932	0
35	0.172998	0
35	0.196065	0
35	0.219131	0
35	0.242198	0
35	0.265264	0
35	0.28833	0
35	0.311397	0
35	0.334463	0
35	0.35753	0
35	0.380596	0
35	0.403663	0
35	0.426729	0
35	0.449795	0
35	0.472862	0
35	0.495928	0
35	0.518995	0
35	0.542061	0
35	0.565128	0
35	0.588194	0
35	0.61126	0
35	0.634327	0
35	0.657393	0
35	0.68046	0
35	0.703526	0
35	0.726593	0
35	0.749659	0
35	0.772725	0
35	0.795792	0
35	0.818858	0
35	0.841925	0
35	0.864991	0
35	0.888058	0
35	0.911124	0.092
35	0.93419	1.539
35	0.957257	8.951
35	0.980323	33.343
35	1.00339	76.79
35	1.02646	132.126
35	1.04952	174.856
35	1.07259	194.307
35	1.09566	187.259
35	1.11872	157.689
35	1.14179	120.911
35	1.16485	84.993
35	1.18792	54.537
35	1.21099	32.696
35	1.23405	18.299
35	1.25712	9.571
35	1.28019	4.907
35	1.30325	2.908
35	1.32632	2.544
35	1.34939	3.835
35	1.37245	6.628
35	1.39552	12.391
35	1.41859	21.12
35	1.44165	32.572
35	1.46472	46.172
35	1.48778	60.669
35	1.51085	72.274
35	1.53392	79.098
35	1.55698	78.172
35	1.58005	69.379
35	1.60312	56.508
35	1.62618	42.143
35	1.64925	29.621
35	1.67232	20.963
35	1.69538	18.934
35	1.71845	25.266
35	1.74152	45.029
35	1.76458	80.294
35	1.78765	131.514
35	1.81071	194.673
35	1.83378	258.8
35	1.85685	309.293
35	1.87991	332.082
35	1.90298	320.659
35	1.92605	278.155
35	1.94911	221.008
35	1.97218	160.705
35	1.99525	109.733
35	2.01831	75.294
35	2.04138	61.805
35	2.06445	67.073
35	2.08751	87.336
35	2.11058	116.541
35	2.13364	144.354
35	2.15671	162.724
35	2.17978	168.122
35	2.20284	154.584
35	2.22591	132.558
35	2.24898	113.598
35	2.27204	101.135
35	2.29511	102.917
36	0.0115332	0
36	0.0345996	0
36	0.0576661	0
36	0.0807325	0
36	0.103799	0
36	0.126865	0
36	0.149932	0
36	0.172998	0
36	0.196065	0
36	0.219131	0
36	0.242198	0
36	0.265264	0
36	0.28833	0
36	0.311397	0
36	0.334463	0
36	0.35753	0
36	0.380596	0
36	0.403663	0
36	0.426729	0
36	0.449795	0
36	0.472862	0
36	0.495928	0
36	0.518995	0
36	0.542061	0
36	0.565128	0
36	0.588194	0
36	0.61126	0
36	0.634327	0
36	0.657393	0
36	0.68046	0
36	0.703526	0
36	0.726593	0
36	0.749659	0
36	0.772725	0
36	0.795792	0
36	0.818858	0
36	0.841925	0
36	0.864991	0
36	0.888058	0
36	0.911124	0.093
36	0.93419	1.339
36	0.957257	9.111
36	0.980323	33.619
36	1.00339	78.685
36	1.02646	131.36
36	1.04952	175.372
36	1.07259	193.71
36	1.09566	185.202
36	1.11872	156.625
36	1.14179	120.38
36	1.16485	85.629
36	1.18792	55.353
36	1.21099	32.574
36	1.23405	18.46
36	1.25712	9.837
36	1.28019	5.207
36	1.30325	3.124
36	1.32632	2.695
36	1.34939	3.807
36	1.37245	6.897
36	1.39552	12.213
36	1.41859	20.577
36	1.44165	32.313
36	1.46472	46.027
36	1.48778	61.226
36	1.51085	72.794
36	1.53392	79.236
36	1.55698	77.731
36	1.58005	69.374
36	1.60312	56.84
36	1.62618	41.706
36	1.64925	29.208
36	1.67232	21.273
36	1.69538	19.195
36	1.71845	26.136
36	1.74152	46.538
36	1.76458	81.327
36	1.78765	134.526
36	1.81071	195.333
36	1.83378	257.767
36	1.85685	305.648
36	1.87991	328.264
36	1.90298	317.735
36	1.92605	277.085
36	1.94911	219.789
36	1.97218	160.941
36	1.99525	110.937
36	2.01831	77.067
36	2.04138	63.305
36	2.06445	68.233
36	2.08751	89.813
36	2.11058	117.052
36	2.13364	144.618
36	2.15671	161.895
36	2.17978	166.367
36	2.20284	152.503
36	2.22591	132.825
36	2.24898	112.691
36	2.27204	101.708
36	2.29511	103.583
37	0.0115332	0
37	0.0345996	0
37	0.0576661	0
37	0.0807325	0
37	0.103799	0
37	0.126865	0
37	0.149932	0
37	0.172998	0
37	0.196065	0
37	0.219131	0
37	0.242198	0
37	0.265264	0
37	0.28833	0
37	0.311397	0
37	0.334463	0
37	0.35753	0
37	0.380596	0
37	0.403663	0
37	0.426729	0
37	0.449795	0
37	0.472862	0
37	0.495928	0
37	0.518995	0
37	0.542061	0
37	0.565128	0
37	0.588194	0
37	0.61126	0
37	0.634327	0
37	0.657393	0
37	0.68046	0
37	0.703526	0
37	0.726593	0
37	0.749659	0
37	0.772725	0
37	0.795792	0
37	0.818858	0
37	0.841925	0
37	0.864991	0
37	0.888058	0.004
37	0.911124	0.096
37	0.93419	1.414
37	0.957257	9.241
37	0.980323	32.998
37	1.00339	77.975
37	1.02646	130.538
37	1.04952	175.848
37	1.07259	194.353
37	1.09566	186.209
37	1.11872	157.3
37	1.14179	121.108
37	1.16485	85.144
37	1.18792	55.311
37	1.21099	32.697
37	1.23405	18.329
37	1.25712	9.478
37	1.28019	5.067
37	1.30325	2.836
37	1.32632	2.402
37	1.34939	3.854
37	1.37245	6.818
37	1.39552	12.131
37	1.41859	20.946
37	1.44165	32.251
37	1.46472	46.249
37	1.48778	60.361
37	1.51085	73.359
37	1.53392	78.684
37	1.55698	77.976
37	1.58005	69.012
37	1.60312	56.552
37	1.62618	42.8
37	1.64925	30.312
37	1.67232	20.961
37	1.69538	18.454
37	1.71845	25.568
37	1.74152	44.774
37	1.76458	79.592
37	1.78765	131.189
37	1.81071	195.553
37	1.83378	258.542
37	1.85685	309.157
37	1.87991	332.717
37	1.90298	318.936
37	1.92605	277.81
37	1.94911	221.838
37	1.97218	160.989
37	1.99525	110.131
37	2.01831	75.779
37	2.04138	61.795
37	2.06445	67.233
37	2.08751	88.21
37	2.11058	116.009
37	2.13364	143.954
37	2.15671	162.279
37	2.17978	167.188
37	2.20284	152.714
37	2.22591	133.296
37	2.24898	114.022
37	2.27204	102.775
37	2.29511	103.43
38	0.0115332	0
38	0.0345996	0
38	0.0576661	0
38	0.0807325	0
38	0.103799	0
38	0.126865	0
38	0.149932	0
38	0.172998	0
38	0.196065	0
38	0.219131	0
38	0.242198	0
38	0.265264	0
38	0.28833	0
38	0.311397	0
38	0.334463	0
38	0.35753	0
38	0.380596	0
38	0.403663	0
38	0.426729	0
38	0.449795	0
38	0.472862	0
38	0.495928	0
38	0.518995	0
38	0.542061	0
38	0.565128	0
38	0.588194	0
38	0.61126	0
38	0.634327	0
38	0.657393	0
38	0.68046	0
38	0.703526	0
38	0.726593	0
38	0.749659	0
38	0.772725	0
38	0.795792	0
38	0.818858	0
38	0.841925	0
38	0.864991	0
38	0.888058	0.004
38	0.911124	0.097
38	0.93419	1.365
38	0.957257	9.289
38	0.980323	33.102
38	1.00339	78.257
38	1.02646	130.369
38	1.04952	174.978
38	1.07259	194.042
38	1.09566	186.933
38	1.11872	157.947
38	1.14179	121.191
38	1.16485	85.221
38	1.18792	55.019
38	1.21099	32.77
38	1.23405	18.089
38	1.25712	9.605
38	1.28019	4.749
38	1.30325	2.708
38	1.32632	2.496
38	1.34939	3.735
38	1.37245	6.832
38	1.39552	12.165
38	1.41859	20.471
38	1.44165	32.069
38	1.46472	45.935
38	1.48778	60.49
38	1.51085	73.014
38	1.53392	79.995
38	1.55698	78.36
38	1.58005	69.81
38	1.60312	57.133
38	1.62618	42.248
38	1.64925	29.294
38	1.67232	20.938
38	1.69538	18.839
38	1.71845	25.525
38	1.74152	45.385
38	1.76458	80.457
38	1.78765	131.864
38	1.81071	194.038
38	1.83378	259.117
38	1.85685	307.689
38	1.87991	331.387
38	1.90298	317.687
38	1.92605	279.792
38	1.94911	221.795
38	1.97218	161.524
38	1.99525	109.376
38	2.01831	75.795
38	2.04138	62.035
38	2.06445	67.2
38	2.08751	87.251
38	2.11058	115.696
38	2.13364	143.522
38	2.15671	163.36
38	2.17978	168.014
38	2.20284	154.759
38	2.22591	133.092
38	2.24898	113.342
38	2.27204	101.017
38	2.29511	102.567
39	0.0115332	0
39	0.0345996	0
39	0.0576661	0
39	0.0807325	0
39	0.103799	0
39	0.126865	0
39	0.149932	0
39	0.172998	0
39	0.196065	0
39	0.219131	0
39	0.242198	0
39	0.265264	0
39	0.28833	0
39	0.311397	0
39	0.334463	0
39	0.35753	0
39	0.380596	0
39	0.403663	0
39	0.426729	0
39	0.449795	0
39	0.472862	0
39	0.495928	0
39	0.518995	0
39	0.542061	0
39	0.565128	0
39	0.588194	0
39	0.61126	0
39	0.634327	0
39	0.657393	0
39	0.68046	0
39	0.703526	0
39	0.726593	0
39	0.749659	0
39	0.772725	0
39	0.795792	0
39	0.818858	0
39	0.841925	0
39	0.864991	0
39	0.888058	0.003
39	0.911124	0.099
39	0.93419	1.413
39	0.957257	9.013
39	0.980323	33.541
39	1.00339	77.883
39	1.02646	131.124
39	1.04952	175.803
39	1.07259	192.636
39	1.09566	185.468
39	1.11872	158.635
39	1.14179	121.117
39	1.16485	86.152
39	1.18792	55.203
39	1.21099	32.393
39	1.23405	18.235
39	1.25712	9.511
39	1.28019	4.984
39	1.30325	2.749
39	1.32632	2.341
39	1.34939	3.577
39	1.37245	6.873
39	1.39552	12.303
39	1.41859	20.762
39	1.44165	32.938
39	1.46472	45.947
39	1.48778	60.534
39	1.51085	72.131
39	1.53392	79.25
39	1.55698	78.025
39	1.58005	70.489
39	1.60312	56.848
39	1.62618	42.568
39	1.64925	28.787
39	1.67232	20.733
39	1.69538	18.681
39	1.71845	25.757
39	1.74152	44.823
39	1.76458	79.947
39	1.78765	132.243
39	1.81071	194.16
39	1.83378	257.914
39	1.85685	308.63
39	1.87991	331.934
39	1.90298	321.206
39	1.92605	280.363
39	1.94911	220.714
39	1.97218	161.204
39	1.99525	108.579
39	2.01831	75.297
39	2.04138	61.38
39	2.06445	67.389
39	2.08751	87.375
39	2.11058	116.214
39	2.13364	144.085
39	2.15671	163.071
39	2.17978	167.883
39	2.20284	154.382
39	2.22591	133.389
39	2.24898	113.196
39	2.27204	100.214
39	2.29511	103.036
40	0.0115332	0
40	0.0345996	0
40	0.0576661	0
40	0.0807325	0
40	0.103799	0
40	0.126865	0
40	0.149932	0
40	0.172998	0
40	0.196065	0
40	0.219131	0
40	0.242198	0
40	0.265264	0
40	0.28833	0
40	0.311397	0
40	0.334463	0
40	0.35753	0
40	0.380596	0
40	0.403663	0
40	0.426729	0
40	0.449795	0
40	0.472862	0
40	0.495928	0
40	0.518995	0
40	0.542061	0
40	0.565128	0
40	0.588194	0
40	0.61126	0
40	0.634327	0
40	0.657393	0
40	0.68046	0
40	0.703526	0
40	0.726593	0
40	0.749659	0
40	0.772725	0
40	0.795792	0
40	0.818858	0
40	0.841925	0
40	0.864991	0
40	0.888058	0
40	0.911124	0.091
40	0.93419	1.508
40	0.957257	9.51
40	0.980323	34.136
40	1.00339	77.249
40	1.02646	130.142
40	1.04952	175.835
40	1.07259	193.79
40	1.09566	185.153
40	1.11872	157.994
40	1.14179	120.789
40	1.16485	85.081
40	1.18792	54.941
40	1.21099	33.239
40	1.23405	18.495
40	1.25712	10.036
40	1.28019	5.04
40	1.30325	2.86
40	1.32632	2.689
40	1.34939	3.683
40	1.37245	6.814
40	1.39552	11.975
40	1.41859	20.68
40	1.44165	32.438
40	1.46472	46.501
40	1.48778	61.083
40	1.51085	73.347
40	1.53392	78.73
40	1.55698	77.959
40	1.58005	68.868
40	1.60312	56.105
40	1.62618	41.932
40	1.64925	29.714
40	1.67232	21.413
40	1.69538	19.229
40	1.71845	26.468
40	1.74152	45.766
40	1.76458	81.354
40	1.78765	131.636
40	1.81071	194.327
40	1.83378	257.763
40	1.85685	306.907
40	1.87991	330.71
40	1.90298	317.921
40	1.92605	278.773
40	1.94911	222.659
40	1.97218	160.649
40	1.99525	109.94
40	2.01831	76.126
40	2.04138	62.671
40	2.06445	67.857
40	2.08751	87.708
40	2.11058	116.204
40	2.13364	143.829
40	2.15671	162.334
40	2.17978	167.406
40	2.20284	153.943
40	2.22591	132.679
40	2.24898	113.66
40	2.27204	101.696
40	2.29511	103.93
41	0.0115332	0
41	0.0345996	0
41	0.0576661	0
41	0.0807325	0
41	0.103799	0
41	0.126865	0
41	0.149932	0
41	0.172998	0
41	0.196065	0
41	0.219131	0
41	0.242198	0
41	0.265264	0
41	0.28833	0
41	0.311397	0
41	0.334463	0
41	0.35753	0
41	0.380596	0
41	0.403663	0
41	0.426729	0
41	0.449795	0
41	0.472862	0
41	0.495928	0
41	0.518995	0
41	0.542061	0
41	0.565128	0
41	0.588194	0
41	0.61126	0
41	0.634327	0
41	0.657393	0
41	0.68046	0
41	0.703526	0
41	0.726593	0
41	0.749659	0
41	0.772725	0
41	0.795792	0
41	0.818858	0
41	0.841925	0
41	0.864991	0
41	0.888058	0.001
41	0.911124	0.105
41	0.93419	1.43
41	0.957257	9.682
41	0.980323	34.489
41	1.00339	78.789
41	1.02646	131.323
41	1.04952	174.941
41	1.07259	192.799
41	1.09566	183.769
41	1.11872	156.12
41	1.14179	120.914
41	1.16485	84.704
41	1.18792	54.644
41	1.21099	33.571
41	1.23405	19.22
41	1.25712	10.5
41	1.28019	5.495
41	1.30325	3.25
41	1.32632	2.776
41	1.34939	4.084
41	1.37245	7.135
41	1.39552	12.771
41	1.41859	21.212
41	1.44165	32.845
41	1.46472	46.519
41	1.48778	60.29
41	1.51085	71.427
41	1.53392	77.523
41	1.55698	76.512
41	1.58005	68.812
41	1.60312	57.155
41	1.62618	42.651
41	1.64925	30.237
41	1.67232	21.757
41	1.69538	19.923
41	1.71845	27.324
41	1.74152	46.839
41	1.76458	82.47
41	1.78765	134.156
41	1.81071	194.044
41	1.83378	257.28
41	1.85685	305.842
41	1.87991	326.292
41	1.90298	314.947
41	1.92605	276.95
41	1.94911	219.611
41	1.97218	161.969
41	1.99525	111.913
41	2.01831	78.255
41	2.04138	64.357
41	2.06445	70.515
41	2.08751	89.472
41	2.11058	116.588
41	2.13364	143.106
41	2.15671	160.306
41	2.17978	165.462
41	2.20284	152.995
41	2.22591	132.69
41	2.24898	114.547
41	2.27204	103.779
41	2.29511	106.339
42	0.0115332	0
42	0.0345996	0
42	0.0576661	0
42	0.0807325	0
42	0.103799	0
42	0.126865	0
42	0.149932	0
42	0.172998	0
42	0.196065	0
42	0.219131	0
42	0.242198	0
42	0.265264	0
42	0.28833	0
42	0.311397	0
42	0.334463	0
42	0.35753	0
42	0.380596	0
42	0.403663	0
42	0.426729	0
42	0.449795	0
42	0.472862	0
42	0.495928	0
42	0.518995	0
42	0.542061	0
42	0.565128	0
42	0.588194	0
42	0.61126	0
42	0.634327	0
42	0.657393	0
42	0.68046	0
42	0.703526	0
42	0.726593	0
42	0.749659	0
42	0.772725	0
42	0.795792	0
42	0.818858	0
42	0.841925	0
42	0.864991	0
42	0.888058	0.007
42	0.911124	0.079
42	0.93419	1.379
42	0.957257	8.962
42	0.980323	32.926
42	1.00339	77.807
42	1.02646	131.415
42	1.04952	175.383
42	1.07259	194.134
42	1.09566	186.989
42	1.11872	159.077
42	1.14179	120.261
42	1.16485	84.362
42	1.18792	54.661
42	1.21099	32.61
42	1.23405	18.574
42	1.25712	9.702
42	1.28019	4.709
42	1.30325	2.755
42	1.32632	2.464
42	1.34939	3.365
42	1.37245	6.478
42	1.39552	12.393
42	1.41859	20.037
42	1.44165	32.888
42	1.46472	46.355
42	1.48778	61.248
42	1.51085	72.776
42	1.53392	79.475
42	1.55698	78.447
42	1.58005	70.264
42	1.60312	56.932
42	1.62618	41.747
42	1.64925	29.312
42	1.67232	20.534
42	1.69538	18.067
42	1.71845	24.787
42	1.74152	44.033
42	1.76458	78.731
42	1.78765	131.864
42	1.81071	195.28
42	1.83378	260.269
42	1.85685	310.359
42	1.87991	332.814
42	1.90298	320.881
42	1.92605	279.86
42	1.94911	221.525
42	1.97218	160.362
42	1.99525	108.964
42	2.01831	74.065
42	2.04138	60.696
42	2.06445	66.576
42	2.08751	86.555
42	2.11058	116.404
42	2.13364	144.125
42	2.15671	162.617
42	2.17978	167.843
42	2.20284	155.739
42	2.22591	133.749
42	2.24898	113.385
42	2.27204	100.011
42	2.29511	101.714
43	0.0115332	0
43	0.0345996	0
43	0.0576661	0
43	0.0807325	0
43	0.103799	0
43	0.126865	0
43	0.149932	0
43	0.172998	0
43	0.196065	0
43	0.219131	0
43	0.242198	0
43	0.265264	0
43	0.28833	0
43	0.311397	0
43	0.334463	0
43	0.35753	0
43	0.380596	0
43	0.403663	0
43	0.426729	0
43	0.449795	0
43	0.472862	0
43	0.495928	0
43	0.518995	0
43	0.542061	0
43	0.565128	0
43	0.588194	0
43	0.61126	0
43	0.634327	0
43	0.657393	0
43	0.68046	0
43	0.703526	0
43	0.726593	0
43	0.749659	0
43	0.772725	0
43	0.795792	0
43	0.818858	0
43	0.841925	0
43	0.864991	0
43	0.888058	0.001
43	0.911124	0.113
43	0.93419	1.505
43	0.957257	9.305
43	0.980323	33.7
43	1.00339	78.085
43	1.02646	133.05
43	1.04952	174.897
43	1.07259	193.383
43	1.09566	184.043
43	1.11872	155.531
43	1.14179	120.403
43	1.16485	84.765
43	1.18792	55.407
43	1.21099	33.373
43	1.23405	18.918
43	1.25712	10.29
43	1.28019	5.452
43	1.30325	3.407
43	1.32632	3.079
43	1.34939	4.17
43	1.37245	7.532
43	1.39552	12.874
43	1.41859	21.408
43	1.44165	32.75
43	1.46472	46.8
43	1.48778	60.113
43	1.51085	70.909
43	1.53392	76.474
43	1.55698	76.362
43	1.58005	68.675
43	1.60312	56.761
43	1.62618	42.652
43	1.64925	30.683
43	1.67232	22.072
43	1.69538	20.34
43	1.71845	27.443
43	1.74152	47.404
43	1.76458	82.605
43	1.78765	133.793
43	1.81071	195.245
43	1.83378	257.873
43	1.85685	303.87
43	1.87991	324.988
43	1.90298	315.807
43	1.92605	275.602
43	1.94911	219.108
43	1.97218	161.745
43	1.99525	112.091
43	2.01831	79.418
43	2.04138	65.397
43	2.06445	70.401
43	2.08751	91.042
43	2.11058	118.022
43	2.13364	143.464
43	2.15671	158.888
43	2.17978	163.62
43	2.20284	151.249
43	2.22591	131.858
43	2.24898	114.777
43	2.27204	105.286
43	2.29511	108.656
44	0.0115332	0
44	0.0345996	0
44	0.0576661	0
44	0.0807325	0
44	0.103799	0
44	0.126865	0
44	0.149932	0
44	0.172998	0
44	0.196065	0
44	0.219131	0
44	0.242198	0
44	0.265264	0
44	0.28833	0
44	0.311397	0
44	0.334463	0
44	0.35753	0
44	0.380596	0
44	0.403663	0
44	0.426729	0
44	0.449795	0
44	0.472862	0
44	0.495928	0
44	0.518995	0
44	0.542061	0
44	0.565128	0
44	0.588194	0
44	0.61126	0
44	0.634327	0
44	0.657393	0
44	0.68046	0
44	0.703526	0
44	0.726593	0
44	0.749659	0
44	0.772725	0
44	0.795792	0
44	0.818858	0
44	0.841925	0
44	0.864991	0
44	0.888058	0.001
44	0.911124	0.08
44	0.93419	1.424
44	0.957257	9.028
44	0.980323	33.331
44	1.00339	77.815
44	1.02646	131.978
44	1.04952	175.129
44	1.07259	193.438
44	1.09566	184.872
44	1.11872	158.488
44	1.14179	121.645
44	1.16485	84.875
44	1.18792	55.321
44	1.21099	32.873
44	1.23405	18.19
44	1.25712	9.372
44	1.28019	5.1
44	1.30325	2.79
44	1.32632	2.572
44	1.34939	3.798
44	1.37245	6.922
44	1.39552	12.302
44	1.41859	20.469
44	1.44165	32.235
44	1.46472	47.231
44	1.48778	61.198
44	1.51085	72.478
44	1.53392	78.69
44	1.55698	76.983
44	1.58005	69.305
44	1.60312	56.983
44	1.62618	42.145
44	1.64925	29.681
44	1.67232	21.242
44	1.69538	19.017
44	1.71845	25.235
44	1.74152	44.814
44	1.76458	80.379
44	1.78765	131.532
44	1.81071	194.612
44	1.83378	258.98
44	1.85685	309.011
44	1.87991	331.387
44	1.90298	319.304
44	1.92605	279.897
44	1.94911	221.963
44	1.97218	160.558
44	1.99525	109.15
44	2.01831	75.582
44	2.04138	61.498
44	2.06445	67.366
44	2.08751	87.892
44	2.11058	116.547
44	2.13364	144.771
44	2.15671	162.485
44	2.17978	167.273
44	2.20284	152.51
44	2.22591	132.596
44	2.24898	114.17
44	2.27204	102.07
44	2.29511	103.668
45	0.0115332	0
45	0.0345996	0
45	0.0576661	0
45	0.0807325	0
45	0.103799	0
45	0.126865	0
45	0.149932	0
45	0.172998	0
45	0.196065	0
45	0.219131	0
45	0.242198	0
45	0.265264	0
45	0.28833	0
45	0.311397	0
45	0.334463	0
45	0.35753	0
45	0.380596	0
45	0.403663	0
45	0.426729	0
45	0.449795	0
45	0.472862	0
45	0.495928	0
45	0.518995	0
45	0.542061	0
45	0.565128	0
45	0.588194	0
45	0.61126	0
45	0.634327	0
45	0.657393	0
45	0.68046	0
45	0.703526	0
45	0.726593	0
45	0.749659	0
45	0.772725	0
45	0.795792	0
45	0.818858	0
45	0.841925	0
45	0.864991	0
45	0.888058	0
45	0.911124	0.091
45	0.93419	1.5
45	0.957257	9.554
45	0.980323	33.634
45	1.00339	78.169
45	1.02646	131.871
45	1.04952	175.076
45	1.07259	193.303
45	1.09566	183.866
45	1.11872	157.709
45	1.14179	121.553
45	1.16485	84.996
45	1.18792	54.479
45	1.21099	33.086
45	1.23405	18.634
45	1.25712	9.952
45	1.28019	5.204
45	1.30325	2.923
45	1.32632	2.536
45	1.34939	3.952
45	1.37245	6.727
45	1.39552	12.359
45	1.41859	20.641
45	1.44165	32.608
45	1.46472	45.998
45	1.48778	61.461
45	1.51085	72.469
45	1.53392	79.014
45	1.55698	76.997
45	1.58005	70.176
45	1.60312	56.685
45	1.62618	42.433
45	1.64925	29.374
45	1.67232	21.113
45	1.69538	19.227
45	1.71845	27.053
45	1.74152	46.142
45	1.76458	81.384
45	1.78765	132.428
45	1.81071	195.293
45	1.83378	258.597
45	1.85685	306.547
45	1.87991	326.647
45	1.90298	316.69
45	1.92605	277.492
45	1.94911	220.764
45	1.97218	161.938
45	1.99525	111.756
45	2.01831	77.735
45	2.04138	63.274
45	2.06445	69.125
45	2.08751	88.459
45	2.11058	116.779
45	2.13364	143.031
45	2.15671	161.362
45	2.17978	164.902
45	2.20284	152.608
45	2.22591	133.036
45	2.24898	113.998
45	2.27204	101.071
45	2.29511	104.062
46	0.0115332	0
46	0.0345996	0
46	0.0576661	0
46	0.0807325	0
46	0.103799	0
46	0.126865	0
46	0.149932	0
46	0.172998	0
46	0.196065	0
46	0.219131	0
46	0.242198	0
46	0.265264	0
46	0.28833	0
46	0.311397	0
46	0.334463	0
46	0.35753	0
46	0.380596	0
46	0.403663	0
46	0.426729	0
46	0.449795	0
46	0.472862	0
46	0.495928	0
46	0.518995	0
46	0.542061	0
46	0.565128	0
46	0.588194	0
46	0.61126	0
46	0.634327	0
46	0.657393	0
46	0.68046	0
46	0.703526	0
46	0.726593	0
46	0.749659	0
46	0.772725	0
46	0.795792	0
46	0.818858	0
46	0.841925	0
46	0.864991	0
46	0.888058	0.005
46	0.911124	0.085
46	0.93419	1.463
46	0.957257	9.215
46	0.980323	32.724
46	1.00339	77.719
46	1.02646	132.043
46	1.04952	173.883
46	1.07259	193.579
46	1.09566	186.651
46	1.11872	158.995
46	1.14179	121.595
46	1.16485	85.116
46	1.18792	55.137
46	1.21099	32.844
46	1.23405	18.233
46	1.25712	9.324
46	1.28019	4.705
46	1.30325	2.598
46	1.32632	2.354
46	1.34939	3.619
46	1.37245	7.04
46	1.39552	12.276
46	1.41859	20.849
46	1.44165	32.908
46	1.46472	47.309
46	1.48778	60.675
46	1.51085	71.805
46	1.53392	78.324
46	1.55698	77.113
46	1.58005	70.137
46	1.60312	56.615
46	1.62618	42.066
46	1.64925	29.398
46	1.67232	21.003
46	1.69538	18.568
46	1.71845	25.334
46	1.74152	45.169
46	1.76458	79.952
46	1.78765	131.791
46	1.81071	195.109
46	1.83378	260.056
46	1.85685	308.628
46	1.87991	329.804
46	1.90298	320.757
46	1.92605	281.351
46	1.94911	221.153
46	1.97218	160.876
46	1.99525	108.706
46	2.01831	75.353
46	2.04138	60.863
46	2.06445	66.577
46	2.08751	87.432
46	2.11058	116.772
46	2.13364	143.84
46	2.15671	164.02
46	2.17978	167.494
46	2.20284	154.137
46	2.22591	132.795
46	2.24898	113.156
46	2.27204	101.359
46	2.29511	104.94
47	0.0115332	0
47	0.0345996	0
47	0.0576661	0
47	0.0807325	0
47	0.103799	0
47	0.126865	0
47	0.149932	0
47	0.172998	0
47	0.196065	0
47	0.219131	0
47	0.242198	0
47	0.265264	0
47	0.28833	0
47	0.311397	0
47	0.334463	0
47	0.35753	0
47	0.380596	0
47	0.403663	0
47	0.426729	0
47	0.449795	0
47	0.472862	0
47	0.495928	0
47	0.518995	0
47	0.542061	0
47	0.565128	0
47	0.588194	0
47	0.61126	0
47	0.634327	0
47	0.657393	0
47	0.68046	0
47	0.703526	0
47	0.726593	0
47	0.749659	0
47	0.772725	0
47	0.795792	0
47	0.818858	0
47	0.841925	0
47	0.864991	0
47	0.888058	0
47	0.911124	0.115
47	0.93419	1.489
47	0.957257	9.206
47	0.980323	33.591
47	1.00339	78.207
47	1.02646	131.779
47	1.04952	174.946
47	1.07259	193.529
47	1.09566	185.408
47	1.11872	156.916
47	1.14179	120.225
47	1.16485	85.501
47	1.18792	55.23
47	1.21099	33.269
47	1.23405	18.461
47	1.25712	9.908
47	1.28019	5.22
47	1.30325	2.859
47	1.32632	2.478
47	1.34939	3.758
47	1.37245	6.759
47	1.39552	12.223
47	1.41859	20.541
47	1.44165	32.163
47	1.46472	46.98
47	1.48778	60.849
47	1.51085	72.824
47	1.53392	78.874
47	1.55698	77.486
47	1.58005	69.699
47	1.60312	57.043
47	1.62618	41.937
47	1.64925	29.787
47	1.67232	20.855
47	1.69538	18.659
47	1.71845	26.117
47	1.74152	45.952
47	1.76458	80.696
47	1.78765	131.916
47	1.81071	194.863
47	1.83378	257.747
47	1.85685	308.313
47	1.87991	330.848
47	1.90298	318.901
47	1.92605	277.82
47	1.94911	221.093
47	1.97218	160.626
47	1.99525	109.741
47	2.01831	76.425
47	2.04138	62.078
47	2.06445	67.533
47	2.08751	88.336
47	2.11058	116.478
47	2.13364	144.211
47	2.15671	161.808
47	2.17978	167.851
47	2.20284	153.803
47	2.22591	132.767
47	2.24898	113.662
47	2.27204	102.508
47	2.29511	104.208
48	0.0115332	0
48	0.0345996	0
48	0.0576661	0
48	0.0807325	0
48	0.103799	0
48	0.126865	0
48	0.149932	0
48	0.172998	0
48	0.196065	0
48	0.219131	0
48	0.242198	0
48	0.265264	0
48	0.28833	0
48	0.311397	0
48	0.334463	0
48	0.35753	0
48	0.380596	0
48	0.403663	0
48	0.426729	0
48	0.449795	0
48	0.472862	0
48	0.495928	0
48	0.518995	0
48	0.542061	0
48	0.565128	0
48	0.588194	0
48	0.61126	0
48	0.634327	0
48	0.657393	0
48	0.68046	0
48	0.703526	0
48	0.726593	0
48	0.749659	0
48	0.772725	0
48	0.795792	0
48	0.818858	0
48	0.841925	0
48	0.864991	0
48	0.888058	0.001
48	0.911124	0.091
48	0.93419	1.508
48	0.957257	9.478
48	0.980323	33.182
48	1.00339	77.758
48	1.02646	131.664
48	1.04952	174.996
48	1.07259	193.976
48	1.09566	185.669
48	1.11872	157.145
48	1.14179	121.092
48	1.16485	85.052
48	1.18792	54.571
48	1.21099	32.793
48	1.23405	18.692
48	1.25712	10.255
48	1.28019	5.04
48	1.30325	2.932
48	1.32632	2.597
48	1.34939	3.933
48	1.37245	6.939
48	1.39552	12.386
48	1.41859	21.067
48	1.44165	32.176
48	1.46472	46.625
48	1.48778	60.263
48	1.51085	72.73
48	1.53392	78.28
48	1.55698	77.112
48	1.58005	69.345
48	1.60312	56.828
48	1.62618	42.599
48	1.64925	30.186
48	1.67232	21.172
48	1.69538	18.881
48	1.71845	26.013
48	1.74152	45.502
48	1.76458	80.544
48	1.78765	131.566
48	1.81071	194.497
48	1.83378	258.753
48	1.85685	308.675
48	1.87991	330.348
48	1.90298	318.805
48	1.92605	277.786
48	1.94911	221.865
48	1.97218	160.683
48	1.99525	110.858
48	2.01831	76.167
48	2.04138	62.07
48	2.06445	67.011
48	2.08751	87.645
48	2.11058	116.403
48	2.13364	143.785
48	2.15671	162.645
48	2.17978	168.032
48	2.20284	153.749
48	2.22591	133.242
48	2.24898	115.027
48	2.27204	101.194
48	2.29511	102.854
49	0.0115332	0
49	0.0345996	0
49	0.0576661	0
49	0.0807325	0
49	0.103799	0
49	0.126865	0
49	0.149932	0
49	0.172998	0
49	0.196065	0
49	0.219131	0
49	0.242198	0
49	0.265264	0
49	0.28833	0
49	0.311397	0
49	0.334463	0
49	0.35753	0
49	0.380596	0
49	0.403663	0
49	0.426729	0
49	0.449795	0
49	0.472862	0
49	0.495928	0
49	0.518995	0
49	0.542061	0
49	0.565128	0
49	0.588194	0
49	0.61126	0
49	0.634327	0
49	0.657393	0
49	0.68046	0
49	0.703526	0
49	0.726593	0
49	0.749659	0
49	0.772725	0
49	0.795792	0
49	0.818858	0
49	0.841925	0
49	0.864991	0
49	0.888058	0
49	0.911124	0.123
49	0.93419	1.411
49	0.957257	9.288
49	0.980323	32.776
49	1.00339	77.116
49	1.02646	131.373
49	1.04952	175.268
49	1.07259	194.157
49	1.09566	186.846
49	1.11872	158.789
49	1.14179	120.678
49	1.16485	84.986
49	1.18792	54.447
49	1.21099	32.914
49	1.23405	18.13
49	1.25712	9.619
49	1.28019	5.071
49	1.30325	2.827
49	1.32632	2.497
49	1.34939	3.817
49	1.37245	6.97
49	1.39552	12.428
49	1.41859	21.004
49	1.44165	32.836
49	1.46472	46.95
49	1.48778	60.255
49	1.51085	72.292
49	1.53392	78.069
49	1.55698	77.081
49	1.58005	69.881
49	1.60312	56.457
49	1.62618	42.252
49	1.64925	29.784
49	1.67232	20.92
49	1.69538	18.953
49	1.71845	25.847
49	1.74152	45.172
49	1.76458	80.171
49	1.78765	131.287
49	1.81071	196.114
49	1.83378	259.287
49	1.85685	308.836
49	1.87991	331.392
49	1.90298	317.73
49	1.92605	278.973
49	1.94911	220.989
49	1.97218	161.682
49	1.99525	109.454
49	2.01831	75.37
49	2.04138	61.576
49	2.06445	67.05
49	2.08751	87.066
49	2.11058	117.077
49	2.13364	144.384
49	2.15671	163.933
49	2.17978	167.15
49	2.20284	154.084
49	2.22591	133.802
49	2.24898	113.769
49	2.27204	101.739
49	2.29511	104.298
50	0.0115332	0
50	0.0345996	0
50	0.0576661	0
50	0.0807325	0
50	0.103799	0
50	0.126865	0
50	0.149932	0
50	0.172998	0
50	0.196065	0
50	0.219131	0
50	0.242198	0
50	0.265264	0
50	0.28833	0
50	0.311397	0
50	0.334463	0
50	0.35753	0
50	0.380596	0
50	0.403663	0
50	0.426729	0
50	0.449795	0
50	0.472862	0
50	0.495928	0
50	0.518995	0
50	0.542061	0
50	0.565128	0
50	0.588194	0
50	0.61126	0
50	0.634327	0
50	0.657393	0
50	0.68046	0
50	0.703526	0
50	0.726593	0
50	0.749659	0
50	0.772725	0
50	0.795792	0
50	0.818858	0
50	0.841925	0
50	0.864991	0
50	0.888058	0.002
50	0.911124	0.082
50	0.93419	1.421
50	0.957257	9.274
50	0.980323	33.713
50	1.00339	77.894
50	1.02646	131.736
50	1.04952	174.651
50	1.07259	193.345
50	1.09566	186.118
50	1.11872	158.366
50	1.14179	120.592
50	1.16485	84.051
50	1.18792	55.195
50	1.21099	33.122
50	1.23405	18.513
50	1.25712	9.751
50	1.28019	4.959
50	1.30325	2.939
50	1.32632	2.65
50	1.34939	3.746
50	1.37245	6.884
50	1.39552	12.16
50	1.41859	20.874
50	1.44165	32.475
50	1.46472	46.255
50	1.48778	60.474
50	1.51085	72.909
50	1.53392	79.222
50	1.55698	76.984
50	1.58005	69.885
50	1.60312	57.07
50	1.62618	42.311
50	1.64925	29.672
50	1.67232	21.05
50	1.69538	18.346
50	1.71845	26.332
50	1.74152	45.144
50	1.76458	79.573
50	1.78765	132.095
50	1.81071	194.028
50	1.83378	259.101
50	1.85685	309.379
50	1.87991	331.233
50	1.90298	319.665
50	1.92605	277.981
50	1.94911	220.881
50	1.97218	161.783
50	1.99525	109.018
50	2.01831	75.614
50	2.04138	62.611
50	2.06445	67.625
50	2.08751	88.307
50	2.11058	116.333
50	2.13364	143.074
50	2.15671	162.422
50	2.17978	167.295
50	2.20284	154.195
50	2.22591	132.721
50	2.24898	113.325
50	2.27204	101.923
50	2.29511	103.606
