1	-1.25159e-20	0
2	-1.25157e-20	1.31069e-25
3	-1.25142e-20	1.21396e-24
4	-1.25155e-20	1.42593e-24
5	-1.25142e-20	1.62353e-24
6	-1.25118e-20	2.61358e-24
7	-1.25111e-20	2.33558e-24
8	-1.25085e-20	3.15753e-24
9	-1.25079e-20	2.85563e-24
10	-1.2509e-20	2.76885e-24
11	-1.25103e-20	2.81368e-24
12	-1.25104e-20	2.58114e-24
13	-1.2508e-20	3.3145e-24
14	-1.25054e-20	3.98515e-24
15	-1.25057e-20	3.73113e-24
16	-1.25077e-20	4.01293e-24
17	-1.25075e-20	3.78196e-24
18	-1.25063e-20	3.76772e-24
19	-1.25057e-20	3.61262e-24
20	-1.25056e-20	3.43563e-24
21	-1.25058e-20	3.27689e-24
22	-1.25053e-20	3.16016e-24
23	-1.25059e-20	3.07638e-24
24	-1.25058e-20	2.94836e-24
25	-1.25054e-20	2.8675e-24
26	-1.25052e-20	2.76385e-24
27	-1.25045e-20	2.73891e-24
28	-1.25045e-20	2.64118e-24
29	-1.25051e-20	2.61599e-24
30	-1.25052e-20	2.52968e-24
31	-1.25057e-20	2.49131e-24
32	-1.25062e-20	2.47227e-24
33	-1.25067e-20	2.4372e-24
34	-1.25064e-20	2.37752e-24
35	-1.25065e-20	2.31231e-24
36	-1.25063e-20	2.26212e-24
37	-1.25063e-20	2.20146e-24
38	-1.25064e-20	2.14381e-24
39	-1.25064e-20	2.08889e-24
40	-1.2506e-20	2.06631e-24
41	-1.25052e-20	2.17949e-24
42	-1.25054e-20	2.14114e-24
43	-1.25049e-20	2.15134e-24
44	-1.2505e-20	2.10322e-24
45	-1.25046e-20	2.09044e-24
46	-1.25048e-20	2.05461e-24
47	-1.25045e-20	2.02539e-24
48	-1.25044e-20	1.98985e-24
49	-1.25046e-20	1.95913e-24
50	-1.25045e-20	1.92301e-24
