1	3.1836e+08	0
2	3.18366e+08	4153.17
3	3.1854e+08	141501
4	3.18339e+08	203612
5	3.18523e+08	231416
6	3.1886e+08	363155
7	3.18975e+08	329049
8	3.19328e+08	437984
9	3.19404e+08	395937
10	3.19251e+08	384950
11	3.19069e+08	390534
12	3.19049e+08	358512
13	3.19381e+08	459610
14	3.19762e+08	563245
15	3.19715e+08	527636
16	3.19424e+08	569722
17	3.19456e+08	537131
18	3.19626e+08	533680
19	3.19713e+08	512536
20	3.19741e+08	487662
21	3.19718e+08	464946
22	3.19789e+08	449144
23	3.19705e+08	437483
24	3.1971e+08	419292
25	3.19772e+08	407091
26	3.19799e+08	392303
27	3.19895e+08	389415
28	3.19891e+08	375533
29	3.19807e+08	371874
30	3.19791e+08	359803
31	3.19726e+08	354020
32	3.19649e+08	351279
33	3.19588e+08	345869
34	3.1962e+08	337193
35	3.19609e+08	327743
36	3.19647e+08	320765
37	3.19639e+08	312192
38	3.19632e+08	304040
39	3.19634e+08	296251
40	3.19681e+08	292547
41	3.19799e+08	308198
42	3.19767e+08	302565
43	3.19835e+08	303221
44	3.19828e+08	296426
45	3.19883e+08	294860
46	3.19853e+08	289916
47	3.19887e+08	285760
48	3.1991e+08	280699
49	3.1988e+08	276579
50	3.19897e+08	271562
