-57.5404
-56.0376
34.7779
22.0567
-47.7157
17.3259
121.811
53.105
-30.43
27.361
-41.7526
1.20625
55.717
-99.9155
17.7957
-27.9668
15.4701
71.5137
59.3125
-22.6706
77.7356
-65.8099
25.2164
102.639
-20.9831
-30.7682
-8.9229
26.7658
-13.2999
73.4322
18.2342
-67.6993
150.758
8.96858
63.627
-73.0958
70.5187
-5.99948
-7.06468
76.4821
-17.4737
28.2718
-32.0172
36.6235
17.7428
18.8569
-68.5861
-146.603
44.6262
-38.7827
67.4093
30.2665
-133.189
-15.1899
58.0956
42.6733
84.7428
56.0698
47.0061
-90.2
24.3091
126.174
-22.5205
9.59059
101.726
-51.2777
20.4488
-59.3451
-43.7399
12.6534
-22.1751
20.403
111.242
-55.4894
1.69394
-99.9709
10.5907
33.4736
7.59827
98.6856
-12.1377
-48.337
-8.04484
-67.2524
12.0559
-33.9987
-78.1778
26.1743
10.3192
6.14154
101.848
-72.4335
0.967651
22.78
4.18128
-17.4859
99.5554
-4.08424
-10.2999
-67.0877
67.2011
-3.45622
58.1777
2.07444
78.6989
-6.06604
-55.4294
16.4693
70.1652
28.3165
-43.5762
-179.202
-29.8019
31.8262
-25.5747
-51.7873
4.56292
-22.1892
-52.6756
-19.0661
21.6011
63.4862
-28.2901
-21.4342
46.9503
-129.411
-34.1399
-110.243
57.7873
61.5459
-44.9633
-45.1115
107.482
15.9022
-22.0967
36.3841
66.4629
73.7834
56.9647
-33.2641
16.4838
-45.2739
1.05584
7.9723
-111.176
-24.4581
11.6006
6.57262
98.8661
-79.8957
8.42829
67.2684
-7.68011
-75.8571
5.81187
62.6584
-44.1562
57.0036
120.027
67.9553
15.1533
115.944
108.834
-72.0715
-29.8179
-5.86256
11.5939
81.1752
-32.3875
115.611
-4.69892
85.3088
-61.9636
-53.754
-48.1158
41.2129
25.6872
8.10001
6.05735
-67.764
-34.4668
-98.9333
12.0571
-100.59
30.4728
40.0188
-38.3
74.1327
15.4202
-20.9902
9.03263
-92.6136
-33.4637
-34.477
-69.5034
-143.478
-45.2669
-29.4421
-22.9333
13.8802
18.4051
55.0623
-23.8765
65.749
68.4107
52.0924
-62.7775
101.284
-78.6157
17.4339
-53.8967
-34.2807
-94.5379
41.8823
-8.68553
-35.4355
-7.74252
74.3526
-10.7619
-93.8585
115.143
-8.14315
-7.00946
-16.9219
-45.7175
49.6779
-51.5068
68.5169
-86.7903
-39.8513
-53.7691
-22.33
45.7187
68.5268
59.6263
3.19162
-10.3293
11.1186
53.9786
31.4225
-89.3154
98.606
-62.4481
18.5941
14.7134
-141.985
57.6395
34.4004
57.3878
-115.079
39.9121
-151.1
-112.21
-50.0168
58.2597
17.5735
43.9552
37.2531
39.7605
17.5176
31.35
-16.2636
1.5022
30.6017
4.40143
83.7868
47.2004
-84.3608
5.58034
54.0036
0.731016
81.2543
-43.4647
38.0337
-24.2149
7.94026
92.4294
-20.6915
6.6466
57.7539
-97.2393
-35.3573
5.63863
25.5606
-46.4831
-63.6001
-159.07
-45.4191
-6.02498
87.7102
-81.4507
-17.4391
-39.5446
122.455
11.0195
-54.9629
13.4615
-44.1439
65.6812
-10.6833
66.4761
-61.7543
-98.0442
19.6633
-95.2351
-29.4036
-77.8523
19.6816
-63.2359
-6.09229
28.5286
-76.1668
-42.878
-11.3205
-14.0155
-43.3813
-32.1883
22.6254
-62.9366
-118.951
-50.4598
26.3741
-26.8374
-36.5711
-65.1824
-47.8376
-32.7126
51.2669
56.8312
-2.57208
19.6202
-50.7993
94.8676
-3.91535
42.704
123.145
-3.42725
-13.957
-38.3775
4.56874
-42.2141
-2.81326
-21.7324
131.518
-82.6794
18.0586
-66.6146
72.7538
-24.1066
40.862
5.55982
26.7604
-12.1386
-2.41394
61.0228
0.634755
2.90255
-47.5776
11.2755
5.92226
20.5817
-43.0131
33.424
-50.2878
-38.8161
-90.5977
-75.4034
-43.4253
3.59327
-23.8179
33.1091
-77.7159
-75.793
13.2801
49.9467
-74.3133
-17.386
-5.28616
-53.1445
23.1299
84.4812
-60.8584
-14.7495
28.1386
-4.1684
-49.6743
50.9582
41.1038
-2.46087
-38.6623
-56.7276
-4.98795
120.914
-78.8834
5.88427
-38.6846
31.2963
75.8184
43.4994
31.396
-44.9411
12.587
-41.7587
45.1992
32.5247
-48.455
-51.0787
-48.671
-47.6386
50.5439
72.0984
-71.6654
-69.8368
25.8612
-71.8385
-105.362
78.0399
114.551
37.3695
25.0472
68.0581
42.4918
9.67272
121.105
-33.3245
101.161
-12.1532
81.3109
86.0242
99.06
92.9486
-18.9384
-43.8926
-14.9395
97.7624
-56.8432
77.9889
-59.6159
-8.318
27.5354
-90.781
52.2395
-70.1272
32.9025
32.6298
14.5582
27.5744
42.0733
16.852
-14.0045
33.867
-27.1402
85.4226
-28.5085
38.6188
-33.8151
-42.3071
83.5007
-90.1395
37.7883
48.7009
98.5037
-13.5022
9.15828
-38.05
-70.2014
-50.1298
-159.333
126.832
-52.2634
-76.4182
164.655
103.314
-8.39461
-93.1916
-61.1738
20.8368
56.527
5.39789
73.0381
-39.8954
-92.1517
4.20086
-21.0546
73.2496
61.1241
98.8441
-96.6443
63.2863
-2.95097
70.8099
37.5302
16.2796
-6.28353
-14.6707
-26.541
-50.4678
-44.5295
-109.919
0.342719
41.821
-78.703
-15.7504
-128.699
7.07682
41.74
83.819
64.3707
23.2304
64.3311
-3.02656
-76.4659
-38.5218
37.0567
-59.5627
84.4314
20.837
-39.8031
19.1192
39.6418
-25.8347
32.9739
66.6302
63.8019
-101.297
0.796766
-41.8093
71.8189
-126.273
53.4295
-119.369
29.3946
43.262
58.4997
73.5458
-2.40693
-2.35685
-60.655
-5.0511
102.938
69.964
-6.43463
13.7007
8.94015
36.2211
70.8714
97.0133
52.1508
-5.55959
3.45492
54.6473
-46.7705
30.067
3.23892
86.4103
-54.9548
-3.97777
-18.7851
33.773
54.5169
106.362
-77.3248
-5.33162
102.105
5.34696
0.134169
54.3396
112.971
40.6455
69.6783
40.0697
80.0644
-19.0903
143.689
-64.2283
-67.1406
11.8142
24.6159
9.18867
-1.49896
93.9029
-27.5111
37.2651
-25.2603
8.57295
-63.0259
41.5597
74.034
-102.096
-37.4874
-40.5713
12.594
-29.1539
46.8786
-92.1925
3.02699
-7.05948
-49.4326
3.76388
-44.2675
16.4969
63.4129
-23.9664
22.8667
-41.4795
46.3013
35.7685
98.8669
56.4958
42.7268
-44.891
59.4142
7.04148
51.5575
-50.9371
-49.9459
58.4298
-45.103
-23.626
57.3845
20.9168
-114.473
-47.8588
152.972
-16.926
-37.2987
14.9954
45.8206
-98.6086
-40.2389
-15.7445
-73.43
-72.2935
-41.8148
85.9648
40.5646
58.9293
43.3831
-85.6071
-26.1425
47.4055
58.6174
64.9533
19.6099
-18.8302
-12.5472
176.208
58.7659
4.51504
-3.22712
-60.7116
119.478
-101.627
-145.887
8.62229
-32.5576
-43.0909
57.357
-96.0522
31.37
-5.63855
11.0185
-22.1308
-65.4995
-38.972
45.6264
129.201
53.2974
-88.9772
-1.17644
99.6728
35.7999
-43.8145
-76.6471
55.3188
-75.9802
-3.84033
-4.26739
165.019
-28.69
-80.6654
58.7518
22.3457
2.32849
45.2386
-21.0964
92.1691
-53.3676
-65.4405
44.5775
17.2214
46.0598
1.97335
34.6061
-60.2571
-1.2799
-59.7065
31.0376
-54.88
-57.2459
10.3577
66.2474
10.8026
-18.5192
50.8319
-14.4035
16.0173
2.2193
-24.0884
16.6628
24.801
-52.4886
114.551
72.8919
-56.2932
53.6634
36.0316
4.01019
21.3089
34.9061
85.0448
-71.3193
24.4026
40.3916
73.4239
54.0567
22.9052
44.5457
-24.9317
89.1579
58.6721
-100.769
-93.616
-2.13557
22.0408
24.6352
90.3422
-48.9122
93.0068
0.746778
16.92
-34.8337
-40.2884
-23.4285
-44.0914
20.794
36.9767
19.4626
0.0467795
119.693
22.2122
31.6521
49.264
43.3777
133.253
61.6942
22.3693
-68.3519
33.6501
-73.6646
69.6308
-49.129
65.9111
45.7166
66.894
-55.744
-41.5802
-28.3812
-42.4689
-19.4685
-4.36593
57.9761
-20.0289
-44.3011
-102.423
-26.0598
-37.7312
0.948509
54.8777
10.3483
-18.8245
27.5683
15.8454
-16.5852
1.97979
53.1572
84.8392
30.6364
21.0582
-36.3751
33.0028
-17.2793
43.4549
-64.212
-49.8281
-17.1108
22.492
59.9655
-62.9942
20.066
-11.8027
2.8504
50.5853
-55.5177
36.1602
21.4788
-18.7324
-1.91636
76.7737
37.6132
19.6666
94.7404
16.9034
-153.897
-146.153
51.2227
62.9333
23.9472
91.2459
-107.449
10.9935
112.847
-66.0324
134.385
24.3084
105.668
-32.909
45.7606
53.6634
26.571
-125.646
-69.1999
-9.3426
-54.1784
5.21337
-54.3123
18.2319
30.708
-65.895
-1.67047
-1.02282
0.223416
-66.8339
5.47388
37.2396
-53.9074
19.3182
-58.9469
35.5114
13.4458
-33.8985
28.6094
-95.5632
-25.8526
81.336
47.9709
0.754633
-2.20703
21.29
35.3631
19.8134
6.70064
104.479
81.1304
27.4252
18.8714
30.192
43.8168
56.5756
18.087
-57.2741
25.501
-56.2621
46.034
43.8267
-81.7627
-105.239
47.5513
-145.896
-0.0017058
-53.6351
-26.2372
-111.739
-100.569
-17.8385
-53.8549
111.854
16.9721
-21.9792
-22.1886
-90.1098
40.4244
-1.51341
-55.2905
-95.0024
-21.8889
-44.2024
44.8812
-48.9325
5.29185
-56.1826
98.7785
35.5535
-46.321
53.015
-51.5358
39.2112
2.56462
-0.0925652
-11.3847
-33.7881
-34.9429
-33.944
13.282
-8.59327
107.177
70.3583
-68.6791
6.82522
26.0041
14.0228
-81.6042
-64.968
-36.9838
-15.5594
-28.1275
1.02274
-54.6446
-56.6699
80.5683
74.1653
-29.7256
-33.2949
10.7172
107.817
27.8344
10.8015
-66.2744
24.5153
50.9841
-2.99884
11.6897
21.1546
-79.1941
-105.953
1.28229
9.4028
-112.663
15.7776
-58.9457
85.2792
20.5763
-73.4697
20.4657
55.2802
-6.05314
-74.5869
-23.8158
-33.5766
77.9795
-90.8238
66.2022
-72.167
46.5224
85.95
-18.3585
27.638
-37.7404
-0.568843
74.6052
55.9961
13.9685
6.76868
-41.0163
-57.5485
3.37597
-30.6719
-117.28
-85.525
19.0924
93.7443
-28.0655
55.2039
23.6028
95.1614
82.3955
27.7458
33.066
55.8694
57.8696
-89.8952
13.6269
-29.4756
6.78068
45.0901
93.2394
-67.3173
87.7738
-97.565
-26.5014
41.262
-85.3089
59.5621
-32.1454
-106.503
-19.2506
10.8964
-51.9167
92.7629
33.1649
-32.3025
-20.4088
-48.6063
0.720601
82.2931
116.243
85.5775
-80.6083
-29.4854
-24.8121
14.2633
-80.9026
130.704
20.5426
60.2129
63.1871
38.7169
-58.8057
-97.849
23.9024
-39.202
-54.1488
-26.4006
22.0328
41.8661
2.32201
-48.0815
47.0781
-9.23382
53.3635
-30.9065
-65.0141
-87.3862
57.3475
20.2823
24.4008
-4.99113
29.8902
-89.2283
65.1184
21.2203
16.3272
-26.4864
-187.282
-9.39456
110.597
-2.86054
69.6955
37.4148
94.5714
-8.14782
-24.2528
65.2225
8.05784
-1.73352
73.5216
-67.9241
-61.455
22.3585
-38.6218
67.2122
44.61
30.3619
-27.637
-97.2756
-48.3712
67.0189
35.6488
63.7808
-52.6969
-66.9768
46.0743
-30.1026
42.8913
-26.8544
-1.7026
93.0632
11.4865
10.7204
-15.8525
-52.3341
-42.3845
30.831
28.9825
90.9996
-6.14594
-99.2349
-41.3613
6.0572
37.1981
62.7147
-55.6769
-127.04
-33.1813
64.3837
-40.167
22.3447
28.0226
104.382
36.1263
-10.922
-29.5874
133.082
-13.0473
-20.6426
50.8648
17.9381
66.3149
-9.18867
62.5268
-76.7807
-23.1646
-70.5156
27.0826
18.6726
-8.56651
10.6609
-4.615
114.845
-36.7692
5.24174
-113.554
2.90828
63.6013
144.269
3.55529
-15.9232
23.5598
-111.618
51.9452
41.7168
-34.7509
66.0825
103.835
-10.412
-49.8693
64.7137
129.674
-13.7514
64.2824
64.1367
-20.8243
-7.27406
-0.421377
46.3201
-43.3403
25.9177
-6.83035
-30.7242
58.2709
-73.2895
4.99684
-6.97565
-32.9948
123.403
-89.2039
53.1468
68.9626
-24.7342
-18.3889
-31.07
25.6539
80.581
-104.134
191.328
102.188
87.1773
0.773944
70.7453
-2.74937
5.69444
85.1408
0.566538
-9.79764
-71.6025
-25.3109
-35.7289
-38.7293
28.6827
-55.9179
-135.58
-69.5345
-72.7358
-93.2365
-6.12682
-16.9675
-45.6609
43.1977
-27.4008
-31.3171
15.7089
-157.843
-10.3132
-55.9502
61.2551
92.1295
-4.07532
36.0657
45.5809
17.181
-74.6366
52.0396
-61.3208
13.8047
63.057
3.71755
10.9092
8.97851
-3.1296
-4.23029
45.4151
48.8364
-63.5167
18.6766
-49.8983
42.4693
-31.4002
-0.983031
-105.781
31.4513
-30.6642
47.88
24.4973
-16.4495
-22.1579
103.629
-46.1683
-47.9037
-18.9493
-19.3314
81.3402
-78.1179
35.1282
13.6663
-63.6232
48.9711
-38.8323
-44.4806
-79.4046
-90.8543
-14.3968
123.254
65.6187
-24.9712
35.1423
59.8988
41.5559
33.6253
-62.7642
24.8508
56.7427
-51.2759
81.2625
-21.035
2.13763
-9.48529
-12.4949
56.9165
-75.7634
-27.3942
33.6855
-13.5106
-30.4113
-25.6046
51.9968
-20.2496
18.1973
-166.731
-54.3047
12.1437
46.8056
45.0822
21.283
36.946
96.7311
115.793
62.7952
77.4034
-11.7574
-34.2474
32.3002
34.7804
3.82411
-71.9608
13.2841
-10.9651
-32.1343
49.5423
16.6722
-14.2608
-18.6399
-43.3547
44.5297
-32.1682
25.4003
-5.79137
40.1622
-35.2831
16.686
-66.8571
-64.828
-85.1808
41.7745
-5.46586
21.3496
-96.9267
-35.5656
-39.632
3.72169
25.6993
38.3598
-12.0035
140.155
53.1388
-22.2294
-21.2728
-39.8479
-40.5751
-27.9942
58.9233
-21.6891
88.3241
-118.885
-39.5376
-74.2213
-28.698
27.4431
-87.3505
-98.8244
-22.4314
-74.0723
-42.7339
60.7674
-21.4001
84.5064
18.5795
91.6455
3.37524
58.3832
-70.3494
6.18327
-42.4889
3.01794
-14.8245
35.0349
16.6741
-3.09784
25.3237
-61.01
-23.268
35.1088
-2.44607
133.182
21.0978
-7.90945
-2.23629
-36.4179
-94.145
-8.5657
34.4176
51.2322
-18.0501
-31.0805
21.1896
-8.53351
17.6814
50.3872
23.788
19.9533
39.8257
42.6503
-1.09902
17.7195
-34.165
-13.2259
-21.6636
-88.0051
31.6905
-23.2068
16.8175
-148.225
0.33322
-66.3744
-88.1648
-16.7559
104.084
26.4948
-34.9485
-110.571
-22.2479
11.1153
129.257
7.37498
-15.7125
79.572
56.5049
45.0534
-36.2913
157.261
3.72913
90.4014
5.39489
-31.4118
-58.7254
19.8291
-184.95
181.126
53.0379
97.3046
-38.0934
30.2295
-68.622
-77.4277
-47.5728
38.9492
-62.4233
17.779
39.9264
75.3703
-42.0486
29.6288
-75.0397
48.5277
51.3646
85.0718
120.047
84.5091
-3.61448
2.3499
-32.1574
-17.3539
-32.8264
40.8607
17.8545
28.8568
-24.0532
-11.5767
114.223
11.7068
52.7245
-32.5833
-68.7536
-45.1262
14.9486
-44.0285
81.2165
17.6811
25.6488
30.6907
-58.1277
-66.1958
-12.4475
-29.5449
40.2843
69.5679
5.16843
1.98258
55.9566
-77.7498
66.0512
-80.2704
16.6752
70.4222
-101.95
-47.3804
-167.391
-14.2466
2.76761
37.7675
118.413
9.52994
-0.588375
-7.98822
129.438
-13.9671
-71.0371
5.66665
49.2654
-42.9395
14.802
12.662
70.2161
-121.055
63.7386
30.3783
-47.9665
-110.48
-77.1006
-2.64344
-3.54064
-76.9172
91.1714
-121.427
24.43
-88.2659
-8.62503
-46.8755
-6.44826
-14.7476
-39.5233
55.3172
23.1231
47.4908
45.2642
2.78059
4.98035
17.2347
9.99475
20.3564
-94.0343
17.0086
-29.2249
34.9108
2.9479
170.982
-10.8432
-25.4712
-81.6201
-9.51406
-36.8198
-2.57089
-78.8069
-62.9859
-110.209
82.2996
36.2831
-17.172
78.102
132.441
-48.2551
-45.1764
2.0921
-51.4922
-38.8022
28.6556
10.698
-74.0255
-57.0284
43.8557
3.57529
-67.4916
-48.4005
104.742
-37.4856
-38.432
1.74267
26.7222
-20.9921
96.2933
29.6105
-11.9543
-113.556
9.24938
83.4286
27.4988
-10.9107
17.4109
-56.4127
-4.23974
-27.3763
94.6411
105.447
111.124
-30.0272
45.578
1.26106
-5.87161
-58.8377
57.9474
11.4441
8.04567
-146.557
-11.668
-34.8771
12.2628
15.9723
26.2305
-39.0751
-21.1275
-21.3195
96.8389
-65.3657
101.137
34.2929
63.7096
88.2252
44.4106
-21.5796
10.2689
25.1491
118.524
-41.6909
-75.3348
-11.0366
42.5286
29.0514
-109.674
-40.4119
132.055
-51.6854
-100.881
45.6846
-30.0215
-11.8328
40.3618
13.2416
-25.115
28.37
55.9434
-83.2209
33.6487
34.5643
-5.62071
12.2353
-3.31742
-86.8216
-5.34548
9.45292
81.1881
-32.1148
79.7658
5.25851
-7.63098
-112.783
-114.471
-41.1229
58.1025
24.0239
-107.169
38.4812
73.8862
61.2577
-1.32121
-33.3761
9.97957
51.8758
-21.7073
3.22692
-88.4029
48.4515
4.99167
52.3044
-42.9198
-9.2692
-20.2136
-58.3447
-43.3594
30.7478
5.63956
11.531
54.8206
3.47674
3.9585
17.6201
-53.7339
-79.4475
-62.2722
16.763
24.7801
-30.3902
73.8678
57.9097
49.5156
29.9958
28.5447
-91.2263
30.6929
12.6418
-26.8632
-25.9262
-19.623
17.6642
-51.0195
27.3199
55.5255
2.02976
87.347
-4.93339
-8.74622
-92.9546
84.4283
92.9615
38.1166
-49.2947
14.5409
19.7971
-46
65.3733
0.475287
131.199
13.354
75.4545
-34.3868
-64.2511
-52.8042
-64.4511
-31.7947
-43.883
-102.473
26.6712
35.6931
-84.3658
-64.3333
43.1521
54.4207
13.6543
-66.6616
-63.8654
20.2895
-44.4292
-4.09821
-81.9656
98.9061
69.0287
63.4607
59.3053
-8.80811
-21.3168
-39.105
-7.86534
-55.8819
33.2981
15.4134
34.5154
-15.4101
28.0886
17.5664
-62.2965
-124.575
-37.8251
-44.8878
-96.6604
-37.5102
-112.869
35.6401
-48.2359
-40.631
-11.0375
108.872
-13.4238
-33.293
14.8254
73.5387
109.368
15.827
15.499
-3.32129
-32.7749
10.5236
-31.0463
68.4977
-81.1859
67.2558
19.6294
-27.2148
144.701
-62.4667
17.2753
-108.904
56.6013
28.3984
-53.4701
2.43566
29.982
81.3248
41.4856
46.2461
-98.7053
-5.85963
70.0625
43.6922
73.0174
-72.02
0.413062
-16.0353
79.7591
-51.9761
-32.7561
-30.9902
-79.3113
-111.363
2.97455
6.07856
17.2126
83.119
-27.2038
-87.5669
91.3658
-26.9605
-32.0011
-2.107
-78.7298
8.77329
57.7223
-87.1207
-75.0388
-16.6916
58.0959
-41.2093
-6.6028
-107.61
7.20479
3.7531
37.8709
91.2909
-34.9731
105.959
-85.4095
29.3434
12.5316
16.0771
70.9996
-45.4922
-78.4784
-44.3761
33.347
-27.8181
44.4987
17.7594
-5.44397
-32.3538
-25.3967
-21.8623
-59.9263
-55.5827
-6.82613
31.5236
10.8639
-10.4605
20.4955
32.0907
-76.8957
-23.1309
-77.0363
-144.187
-41.605
-58.0507
73.6714
-112.63
49.689
-62.1627
79.8602
-78.8861
-17.1819
42.7182
57.4742
50.6453
-62.7123
-40.0333
64.0652
28.4693
1.12716
-74.7423
-7.51475
-90.279
-14.7642
104.535
15.8642
-0.0229017
-164.414
-33.9012
62.3353
2.99938
1.37135
5.2991
82.3556
-93.1365
-3.70349
32.3208
-32.6281
-99.9203
14.9147
23.9579
-12.6365
87.3108
24.7127
58.1542
127.23
27.4319
94.4259
67.9146
96.0296
93.6887
-47.5179
60.7205
20.4973
34.3006
88.162
56.2198
-6.09275
40.9588
40.2281
68.8644
-47.5884
-62.3418
-3.59494
-5.35139
20.0871
59.9224
-57.5448
-57.0551
-37.7969
-60.7806
-113.955
38.9629
6.79856
65.9311
-25.2229
-19.8744
-1.43028
-74.3195
-12.0359
-25.6383
-77.0155
-43.2472
-27.571
41.9256
23.5516
-34.9059
-121.635
-36.2916
-21.7084
-27.4838
-16.3231
95.7023
-2.98203
45.0477
8.72795
38.3666
20.6492
-65.8709
23.3865
-20.4131
-40.5036
8.81338
2.14828
47.2006
-85.4777
-16.1863
12.8082
17.3294
-33.5754
-17.1039
63.6134
-35.4108
-71.6332
53.1484
57.612
14.7136
33.3235
82.0297
26.0769
6.09865
-43.8459
-125.847
125.799
58.0206
78.7599
47.8703
-69.1236
-43.7191
-165.832
-37.2132
40.4336
-48.8047
59.8641
14.5084
36.6033
7.37994
30.8224
6.37787
-37.4634
-113.517
-83.8244
-21.3735
58.7499
-3.71509
-85.8289
77.9426
-25.5384
19.0323
95.445
117.285
-54.2354
-62.8307
62.7693
78.0538
2.61956
82.9057
80.2879
-2.25847
-26.0459
42.2476
25.0095
42.5773
34.2149
-25.9031
60.307
-73.5936
77.7891
-29.8461
17.087
19.6481
17.5407
-25.8496
25.764
-89.2636
-27.8689
-31.4945
-65.1118
17.5771
19.8383
-145.268
42.9637
47.8036
67.5669
83.1702
19.6008
-6.53644
53.3956
66.8351
6.03661
2.57853
17.6635
75.1118
-1.85807
-21.401
-92.8327
71.4567
-20.8907
9.76524
-97.7888
-8.56698
36.3538
1.17947
31.0464
-92.466
-50.6867
105.891
-92.7145
-69.7531
-147.227
10.7248
-36.9957
38.1687
-45.5408
-23.4456
-66.01
-74.6241
6.06713
-7.96898
6.57135
-59.3046
-117.14
-150.356
-93.6775
8.39605
-68.9418
-19.6156
-16.6831
30.4583
-28.5721
26.921
26.5884
-38.2074
-27.7051
-44.9243
-42.1852
-26.6232
-98.4121
-9.2984
39.6638
-8.26764
48.7202
59.5512
-21.5509
32.062
30.7137
95.069
-20.0541
7.47708
-1.77953
22.0697
-79.7398
-31.4857
-49.373
12.1965
52.6188
-5.17105
43.3797
-11.9575
-33.3171
-21.906
-76.6751
49.6747
3.57303
27.3361
-1.42874
-33.1752
61.6528
75.9141
75.5235
-34.2733
9.67912
71.4044
-23.5797
57.1075
-3.12739
-49.4937
-3.61248
-44.9218
-26.1449
-7.19531
51.5598
83.2695
86.9573
-13.2524
-60.6258
56.651
-33.7801
11.9632
-103.97
-20.3834
-10.905
18.0471
24.3675
92.8459
-66.3328
41.6519
-16.6423
1.55771
43.0451
30.3816
59.3419
5.86367
22.2813
-3.20454
40.5201
6.94318
-57.6576
22.5749
-15.5515
-53.6613
122.469
-106.732
9.14659
30.8483
-26.1522
54.1581
84.0693
-24.1253
10.5595
100.027
-18.741
-66.7565
-71.2124
-60.5928
81.7158
-67.3403
-7.25193
-37.3729
-82.9628
-34.7514
51.2742
81.6781
8.77845
81.9405
-16.345
-9.09788
38.5153
-17.7912
-30.9322
24.9505
-9.76794
66.9557
98.317
-22.6958
45.9379
12.7337
15.7066
71.0609
97.2615
-81.861
36.5367
-97.985
-77.3761
-0.522585
19.4718
-69.0359
-93.3762
-59.9632
182.784
-59.5493
7.7269
-25.5854
-16.078
-46.8972
-76.5718
105.511
-33.6714
-28.0365
-44.5854
25.0588
2.7937
-101.196
-111.956
86.6709
25.7108
-78.0933
28.094
35.8747
29.4578
24.9233
-42.2412
46.91
-10.6593
71.4569
109.442
-49.118
60.5982
46.5508
60.2967
4.17307
-10.099
32.8856
-7.83993
99.3127
13.3637
-40.4093
64.3977
25.4971
51.7776
32.0431
102.033
16.1143
83.7142
40.1495
-29.1473
-8.53047
35.3954
30.6035
-10.2039
95.6425
24.1815
73.848
39.2916
46.1296
3.72159
102.501
-30.5222
40.4153
20.5927
-56.3593
-37.3829
-50.9949
39.6371
59.662
-104.388
24.5266
49.9268
57.8073
-86.3297
10.7608
-124.954
-31.1786
-17.8789
-59.324
-32.3761
-31.8713
-9.74604
9.0947
-119.731
-51.0398
-23.3331
45.691
-9.94243
42.5731
-32.129
39.2365
-52.4421
48.9799
-71.3602
-30.4211
28.6178
-83.9507
-44.9989
-20.562
92.5925
18.5644
23.5134
96.913
-45.6474
50.94
2.47391
11.9736
49.5369
-56.3627
63.7988
-1.96753
-39.9198
-55.0356
-29.3647
72.3124
-19.9392
-65.7254
-2.40124
25.2342
-28.0836
50.9791
-72.8366
-27.2371
-0.606644
-164.726
134.164
-0.248613
-31.4439
56.3461
88.1555
88.0612
100.72
8.29914
-32.0545
107.858
-0.746008
30.012
-54.0905
-79.4455
-28.134
-49.2408
26.9946
44.5721
92.7587
-60.2184
-71.8086
-48.3593
-88.1035
34.8052
90.609
-0.0879806
6.45346
-19.6828
-80.6238
-68.5051
-30.8046
39.1347
-26.5573
80.5505
-57.0968
-48.6875
-60.0215
-51.3841
-30.6143
-78.4962
-53.4433
112.67
-5.80231
57.0761
0.884657
-108.102
-65.9518
-88.2696
74.9729
-44.0229
-126.374
21.1935
54.8686
-104.779
25.2337
-37.771
-29.5237
40.1802
-32.4524
-107.883
-95.9106
-44.6211
-23.2308
34.4354
77.9181
66.3304
-15.723
-38.6306
-42.7865
-56.2365
58.5934
88.1165
-84.9093
104.8
-78.6501
8.20549
-45.8533
92.9221
30.398
6.12211
-15.8855
28.2616
-35.6338
-8.13707
-38.8157
-6.626
-47.0575
-60.9327
-35.9497
-2.86456
11.0302
10.5105
-63.7056
-85.7824
22.1875
44.9501
41.553
87.4392
20.0162
12.1126
51.6549
5.12543
36.9064
-33.5263
-31.1932
-62.4686
75.5865
33.4332
3.82461
-35.0426
-47.9428
-10.554
-45.9878
-103.949
20.005
-51.1972
41.1207
24.3231
-23.2279
15.9302
10.9381
-68.4134
56.2803
-48.5902
-106.135
-31.8456
-30.2702
17.8257
-20.1404
13.4317
13.3255
51.588
36.3874
-74.9438
-40.7012
-16.5079
17.8117
-28.6172
27.3417
-10.9386
-45.2931
51.7071
-59.4698
23.2372
74.094
-9.66003
-38.2461
52.2733
-6.66508
12.6546
28.108
-69.8738
-87.818
-30.3739
22.7747
133.204
-21.5012
-2.78129
9.62638
35.4799
-14.6527
57.7492
-26.6308
-92.4365
64.2018
-48.3407
-46.1136
-36.1196
-24.6531
5.61688
-45.5022
-85.5441
-9.34774
9.50693
85.0323
-15.0081
20.4353
-7.40426
-97.5673
7.49468
32.0981
-74.3591
-44.6524
77.6802
-64.416
23.4597
112.224
1.06881
101.476
40.8307
128.871
-74.1548
93.0307
118.44
-124.12
62.9001
-35.0518
-72.9449
33.6403
3.00954
-19.6019
-55.9425
52.8489
56.1732
40.2341
-51.4578
-32.1985
46.4866
86.7103
15.016
48.4357
-93.707
-11.8661
6.49281
-54.5492
81.7522
-3.09496
-22.5066
-3.50817
-75.2886
-11.7092
4.58875
-93.2575
0.294883
38.0167
24.4545
140.624
29.9902
-114.877
59.7962
102.353
-29.2735
-8.01031
47.7543
69.062
10.0491
-30.0013
62.4086
92.9507
18.699
-20.9316
-54.7983
144.709
103.093
-59.1789
19.5425
27.8371
-22.7262
21.9999
-55.6086
11.0637
-110.665
13.9908
-9.48138
-8.63289
-66.7776
57.7468
-0.570438
-86.0365
-79.9116
-27.2369
-29.2985
1.47786
51.9158
-84.7583
-7.95054
14.7357
-1.11072
18.8091
-22.8992
0.52347
104.789
44.5657
15.0365
49.466
79.9635
89.4212
-38.8487
39.8669
-63.0806
-46.2088
3.58994
25.3379
-9.94199
-107.987
-29.192
-68.2677
51.1962
-17.6812
-20.14
1.04483
-46.8974
-92.7325
-33.4167
-61.4256
23.65
56.7839
-60.5416
65.0965
-73.5888
-12.4078
35.8381
44.427
40.0073
47.0664
42.2508
-76.2734
-45.5652
-112.867
-39.7514
38.0752
-15.3872
-43.4055
83.5564
21.4821
-7.26249
-29.3591
-20.1782
-13.2677
21.1684
-35.3794
91.3828
-9.96251
3.00767
51.5282
31.7157
-31.9548
-17.0993
12.427
2.32103
-2.8817
59.5847
32.2632
-90.9926
-39.6297
-86.5112
-46.2128
-31.6405
39.208
78.4399
24.5983
80.2888
5.54099
3.55955
0.00516376
58.7618
63.9981
50.1387
27.7132
5.0257
-79.4662
11.2579
-14.7216
-119.837
-82.7666
13.8463
100.831
-70.643
-4.1911
-14.8145
-127.022
-78.8441
-48.6557
-1.75562
-43.4077
76.0489
39.5151
-27.4026
66.0549
-5.68375
42.0777
151.467
-35.8796
89.4731
-21.2437
-15.0935
-1.14487
26.287
-29.1119
74.1653
45.3268
-23.5179
3.58496
58.6632
-13.2943
-80.6399
-75.7524
-68.945
-28.4907
3.37667
33.0148
15.7177
0.180096
31.7338
-48.8957
81.7323
42.2939
130.47
-70.6173
23.5851
34.487
-24.2308
26.2232
35.7433
2.69311
38.419
-188.6
21.1744
-84.8398
22.3162
2.68751
4.60521
0.51442
22.1121
30.0627
3.05726
-0.00712914
-59.4156
-16.9772
127.1
24.0143
86.1502
5.11588
50.537
2.01806
-28.7149
82.5041
-30.9805
-29.2345
-78.0096
-64.3375
-21.1979
-59.405
-2.7673
-25.4957
48.51
22.4976
3.15754
-57.3667
13.0072
23.9368
-9.02447
34.6335
-95.6436
-95.3175
51.7781
58.889
-12.7818
-2.2128
90.7015
67.6498
-35.6586
-51.1123
-61.6097
-26.9323
32.56
3.44246
23.0099
-61.6034
16.4014
106.859
-78.8892
-49.4284
97.9743
102.704
-29.3877
78.3309
62.0627
-58.902
-65.7619
28.1571
23.0721
-55.345
113.251
-1.99776
3.75262
-16.9347
70.3272
56.2177
-43.4826
102.93
27.5137
-62.4171
-0.904682
-66.8802
37.6212
-1.68419
-81.0844
-63.662
-67.114
-15.9195
49.5308
-18.2113
14.7464
9.36582
-124.498
88.0769
14.331
-50.4779
-57.8345
-48.5265
27.9849
-47.4609
-64.0408
81.9689
-7.23155
7.93259
-11.2279
-43.755
-30.3225
43.574
-64.3735
-129.265
53.0665
-50.9887
17.4652
-3.6563
-45.8035
23.3607
16.3267
24.8163
-64.1536
-65.6036
30.3923
19.6454
-0.485808
38.7026
-75.7895
75.1088
25.3734
65.8754
32.6307
-28.7174
78.5621
-22.8217
-56.1003
-102.489
17.5772
25.8721
-31.4269
0.204216
25.1987
45.3386
-13.4575
-29.9083
43.5683
45.0866
-2.80017
9.64581
-88.2805
-60.127
-99.404
95.167
11.0529
-42.1695
-11.8726
-0.649305
-39.7091
12.9362
-34.1505
-31.2071
-85.5266
-52.9984
-134.679
-59.8908
33.7752
44.9786
102.813
21.4677
-64.494
-9.29011
-85.9333
-152.805
64.9492
-57.0307
75.5709
-128.326
23.0362
23.1421
22.2514
-69.9469
13.0488
-12.8249
13.0252
10.0533
-24.7036
72.0773
45.0962
-20.2037
35.8149
15.4157
8.33707
74.506
-28.3892
-20.5588
32.893
-50.8898
34.6019
-42.6213
-27.7935
-6.78078
48.9312
-152.748
-24.0673
109.278
36.7306
-29.4926
8.15964
-20.4972
83.9294
22.2646
-41.4658
30.7675
-10.9262
24.071
9.8377
45.3564
20.9374
93.3079
36.0737
-28.8089
124.937
148.12
-25.3292
-6.02851
-52.2498
67.0122
77.6184
4.8894
26.6056
79.4247
57.5173
-29.0988
-6.53775
106.057
-32.8798
-12.719
41.6463
-45.1447
106.425
-86.513
-58.4264
-27.3091
98.5488
67.9979
-35.6449
-24.5604
-31.4338
31.8488
-26.8744
-24.6713
3.44761
83.9371
5.52843
-70.3656
-22.3326
-48.0629
26.4428
59.0943
-99.7943
-42.2658
33.2235
-11.5875
31.475
33.5712
108.403
91.2945
32.7635
2.08406
4.28701
-92.0952
12.4461
24.2815
-2.12012
-59.1463
-107.672
-38.4262
128.304
20.6757
-26.9468
-72.2334
-19.0409
-1.19008
-0.671781
32.7928
-74.0929
64.0741
46.1548
-10.8683
67.3426
44.5956
59.2396
23.8367
-28.45
3.76886
78.6116
54.0478
21.3731
27.9307
-75.3679
-46.6034
36.4177
-29.2868
-29.4149
-135.213
-3.39812
-107.552
-17.0043
92.5708
-51.176
8.80757
7.74896
116.45
-23.0867
32.2768
-45.9551
63.1226
-21.6185
4.75402
34.1242
-3.24652
-62.5298
-32.2272
-11.0657
111.156
31.6016
-16.1256
88.3153
25.6676
17.0656
61.7833
-15.8445
68.1032
16.5184
62.2091
-44.2139
88.5023
146.979
42.6958
-51.0369
18.4454
100.142
5.43075
-98.0701
17.6071
29.7046
-55.1542
-21.2641
5.05775
30.7984
78.6753
-37.5591
-67.6647
-48.2095
44.3254
-42.9457
-26.6825
73.7986
72.1298
97.5256
-57.5826
-101.866
0.187536
19.4754
124.211
-81.6465
53.5088
-70.5647
8.37633
30.0751
-72.3982
22.0698
48.9342
19.8165
-9.29536
67.1718
142.947
-57.9681
-25.2077
-51.3404
-34.404
-29.1264
-0.585304
-101.479
26.5964
-62.0442
-21.8907
-58.2246
177.154
-53.055
-26.5479
-75.0593
30.7335
39.1015
-21.877
-6.35005
123.868
-48.1466
15.9475
-14.7079
65.8427
-83.46
10.46
-63.6623
111.158
-88.099
-19.9923
18.426
-14.7452
-34.2074
-117.957
33.6653
17.4416
-123.819
2.92631
-7.85699
21.8841
-13.0487
47.2512
31.7892
56.9377
-15.0339
152.714
47.9378
-72.9923
-67.809
25.352
-79.526
14.0292
-45.7121
-9.05091
-75.8444
-42.9999
31.8644
-53.1857
53.684
61.2091
78.9144
53.641
14.034
-35.9793
-46.8059
-26.4257
-0.532008
37.7864
-47.6777
109.224
-58.4664
-53.0859
91.5478
33.7354
33.9763
-46.9501
-18.0986
19.1162
44.5407
-61.7879
90.1313
-152.027
-40.2505
51.4915
4.17073
-11.5875
106.793
-18.158
-6.91693
42.2938
71.4657
24.431
73.7111
-130.159
-66.1581
2.5868
69.3029
79.3187
-21.9174
58.7629
114.688
3.0372
-71.8
14.7481
-35.9841
41.8165
-59.4128
31.5597
27.1601
101.138
7.73883
164.772
31.4818
6.97707
89.7948
-33.1306
-50.3315
-102.896
-26.4317
-138.96
-10.4705
-24.6626
-39.6592
88.2821
55.4207
78.2361
70.3107
34.3889
-6.84138
-35.2521
-26.7604
-41.6787
18.7124
44.184
67.3756
-58.2011
16.4788
-1.42997
-90.2805
22.0612
63.3541
-26.2384
-80.5064
21.7051
-9.37133
5.92283
9.07118
-28.8979
27.2861
-79.9729
-58.7998
16.6138
-156.249
-112.909
-41.4531
60.9916
-90.0554
58.3134
20.1298
44.3718
-46.7315
30.6609
-50.8392
-28.3823
7.73875
-105.709
-26.9713
-4.76564
72.5115
-33.8971
79.8616
-9.49899
98.3357
86.2365
80.6419
5.74513
7.2586
-6.03151
16.8944
117.746
-17.1839
-1.7123
62.9813
42.7594
5.26592
-29.8249
78.1893
-25.5171
-23.8509
63.0138
12.3227
-123.015
-49.2358
0.576378
-90.6699
115.465
15.9318
-7.58843
-16.6422
-64.5388
91.3886
51.4486
23.1164
29.044
3.3752
-74.4175
109.44
-60.7872
-0.954201
34.111
22.9708
-45.3417
10.1036
-82.6532
17.3116
45.114
-151.695
33.0926
-6.24169
-13.7389
-43.2076
-54.715
-11.9423
-36.9251
-31.3678
-53.1054
-0.0865041
18.5404
20.5133
21.477
47.5951
-3.95234
-41.6692
-76.7095
-97.3819
44.5546
47.037
-96.1863
30.358
44.4857
130.332
8.2867
3.9734
-43.8548
21.6108
-7.59846
50.1896
60.8819
62.0145
-38.1601
23.2163
-30.6574
48.1737
-82.4622
-28.7119
9.58179
42.425
-70.9226
-45.3756
-30.2381
41.138
43.1074
-137.719
68.2881
16.0467
14.8995
4.95256
-83.1346
-108.138
-16.6539
-63.9424
-82.0345
-4.44525
3.89412
92.452
8.28064
33.7511
56.38
-54.4285
-61.7257
-5.30115
192.912
53.7796
-7.94507
1.06376
76.3776
54.1596
87.0804
28.5768
1.49012
105.95
16.823
33.542
6.41614
-39.943
79.1252
-29.1842
-108.429
111.258
67.7155
40.2372
-58.5704
33.4824
35.2142
-89.9677
-68.8273
31.2209
-126.13
87.9012
-15.4426
-117.127
11.7523
98.0116
-85.1105
6.35401
53.5615
45.1709
-52.421
-31.4779
-29.443
-41.5909
-92.4575
-37.2755
60.6021
73.8275
-8.72196
-103.51
-91.5632
-6.1947
31.811
78.7955
-68.2667
24.4188
-53.5405
123.408
-111.957
34.9937
37.7294
-9.90116
24.6007
-43.5774
97.653
-68.2873
-110.281
-18.5493
83.8655
-14.8368
41.6791
-1.72893
-64.9479
70.6942
52.1089
-1.9338
19.1041
42.8542
23.4196
-35.3325
-75.057
-41.7249
33.7676
-61.8869
-43.0603
20.1198
96.9172
30.289
74.3382
-6.3332
31.0324
-56.8846
0.615977
10.5943
-10.5585
-74.3433
4.62201
-63.9875
78.8917
-37.5708
-6.43338
-11.2756
27.6878
75.3082
-7.51838
-52.4424
37.6241
73.0731
-78.135
40.097
-70.2007
40.245
12.06
-66.7912
-1.27477
15.5278
-106.666
-33.2859
14.8337
88.8762
-74.7662
-83.8454
122.815
29.4239
10.2011
-21.592
-58.607
-61.6185
-48.0001
-13.208
-92.4291
16.102
-43.1848
-52.3874
-86.4242
20.0416
5.55418
-11.74
-86.1064
100.63
31.973
50.1078
-24.7
-104.273
46.7142
-84.2474
2.21295
-39.3797
23.3029
-74.687
50.7291
-16.0881
-51.433
-76.8145
91.3231
10.9853
18.44
-28.0471
-50.7382
19.0453
-149.986
21.6091
43.0517
52.8257
6.33162
-23.1628
-58.0629
-66.8261
52.3791
-13.2391
107.987
46.892
-13.8964
51.6052
4.07773
45.8184
30.5208
-4.23003
-80.9335
37.137
18.5437
62.0464
112.065
-18.9144
65.985
5.75192
-60.3137
-8.56921
-36.6943
124.255
65.7473
44.9491
77.224
-17.4823
-56.8229
89.4424
86.549
-1.479
25.6186
111.591
16.0886
12.764
-94.6742
12.1312
33.4557
20.3644
-29.2304
-18.3237
37.4907
57.1186
23.6874
-2.01714
-74.1901
76.6166
-51.0914
-92.1205
61.6344
-141.83
26.6939
-2.38875
-30.8347
-18.7931
-92.33
-168.459
34.7289
20.2607
-39.3272
74.4897
-71.8462
-27.963
18.2724
34.7639
96.0002
91.0505
18.5489
-86.1721
-78.8164
-77.7762
-22.8518
90.8036
32.1109
26.3872
7.96717
-26.4509
-87.513
-50.0754
-70.9277
-43.1871
-10.303
-85.9281
27.1215
-21.3215
-7.38349
14.6997
37.5044
70.9209
-25.0955
-58.0385
42.2785
16.3001
-1.08599
139.61
-115.738
-50.0875
-8.62285
10.0112
-16.3743
15.371
-90.6527
-45.1968
-39.1217
-8.90588
18.94
15.4396
-6.11142
-42.0612
6.29505
-16.8938
-28.6018
52.8757
-82.6467
48.161
-74.3427
4.20868
16.5939
11.7889
23.6782
-22.2573
69.7063
-63.1648
-73.176
88.9944
26.1708
-67.4475
12.5349
-106.326
-58.1239
108.565
34.1063
18.3318
63.0953
-15.6377
88.6707
21.834
104.435
20.0116
-64.5059
-62.1055
-26.2544
36.9786
-29.79
-36.0539
32.4114
0.0461006
4.2044
-37.9918
-20.776
-23.6446
18.5056
-44.6919
15.5927
-35.3666
83.5495
15.6651
112.175
65.8142
116.391
-48.4189
-58.4092
4.26914
13.9451
-89.3998
109.85
-59.2197
22.2843
-10.9357
-103.726
-22.6225
-12.4257
-56.1511
42.8023
26.8165
31.7003
-10.0169
-15.6843
-1.85742
-41.4165
-30.1365
-53.2583
-95.7938
-58.1943
-5.61727
12.5535
31.2852
-79.9608
48.0644
3.17631
44.8979
87.0467
84.1368
91.1537
39.496
66.2798
46.3701
-13.3645
-19.2825
106.998
-84.7303
37.7832
40.3358
-35.4801
24.2628
44.7852
-70.4335
45.8611
0.725004
-57.5487
-16.9902
-90.6346
4.32468
-44.6035
-13.4599
51.326
61.3599
28.748
132.467
-107.313
-45.875
34.2684
42.8117
31.7872
-74.0268
25.9639
7.30002
-39.6887
-64.0871
-6.45971
-77.4041
20.3496
-38.9
-28.4676
-31.7152
2.87804
-25.4166
-45.631
-42.2108
27.607
0.816374
45.5647
74.7245
-27.977
-74.9944
60.7037
20.3977
52.6982
11.7985
-5.21009
67.8543
-78.226
-42.1085
-17.1972
21.7128
-93.7356
-65.1561
109.213
-85.5261
47.9791
64.6176
17.3221
-30.4815
-40.744
-120.721
31.8768
-83.8064
-24.7037
21.6537
-41.9987
-105.739
79.2124
-15.4016
60.2002
82.9215
5.49222
2.43903
-84.4046
-14.8111
-70.4005
56.2002
12.0937
68.5945
79.1084
-55.5612
-4.74645
45.6619
78.5503
-29.423
106.233
-48.0502
-72.9011
31.633
84.8049
34.5639
-34.1702
31.084
-6.25855
6.43839
210.991
80.8647
-39.323
-52.2081
-66.545
-30.3
-40.0334
-32.6551
44.8868
30.5561
-52.245
35.1418
-138.607
-8.28859
121.615
113.514
44.509
-17.033
8.26454
45.6583
6.98242
-27.2359
63.896
-54.9836
31.5941
-64.7855
61.8156
15.0178
-89.6362
-100.883
18.7197
-65.1867
63.4602
-37.5476
99.8508
-22.6553
27.5447
44.253
-4.09956
-28.1305
118.815
47.0379
10.6938
-6.0251
66.8193
-16.6067
-11.9821
118.009
-64.7074
-7.80119
-96.8915
39.3808
-8.63677
-48.7895
-33.6813
49.0254
11.2232
46.3984
58.1726
52.1504
35.4907
89.3767
-34.3658
-65.4799
47.8151
-60.725
67.17
-97.5696
54.0855
-13.7706
-42.6033
-71.8383
-95.3404
-51.1028
-73.0346
-77.7298
-1.4322
13.1466
-130.727
11.4926
-10.3198
-91.253
-94.0834
14.8143
-14.8759
-43.6079
19.8869
-9.61493
8.3603
37.7336
-71.8952
-88.8609
5.03418
-43.707
-45.0345
40.5137
36.8891
17.1899
-73.4425
10.828
33.5544
-65.971
25.2847
-2.20538
25.0903
30.0505
37.4855
175.844
24.9507
7.50165
81.5149
-55.9042
83.6245
4.09378
-27.8268
-8.20292
30.7994
2.60263
6.87242
-14.5237
-38.0759
-7.52038
-73.3396
9.93152
-1.1483
-59.2529
95.0814
-18.8701
32.3717
-44.2681
30.4065
-5.53232
2.02508
-26.3423
-76.4493
-35.8065
19.6101
-4.85144
-41.1821
-6.9879
-12.4799
54.3025
12.4805
170.62
-26.8522
84.2759
-51.3912
116.56
45.242
137.047
-8.24603
71.2487
-127.042
-5.96904
60.8164
-47.6587
25.946
-63.9902
-81.0071
70.5173
97.5009
83.0717
-52.1935
-22.0985
-45.9311
0.734935
-27.877
-22.0621
-32.6023
85.8669
-81.396
95.1412
-74.1545
28.1684
-20.4929
14.5839
23.7355
22.7279
69.6955
-9.44935
59.4324
78.2765
-9.90453
-4.54432
-29.9641
-109.37
-2.55571
110.177
-95.3324
28.3747
-78.0751
22.1481
-61.8507
80.8176
-28.5966
-85.7261
89.3958
-14.2936
27.9129
-114.309
60.386
-64.3775
-1.193
-31.4847
-67.7847
5.98888
-5.20829
-69.7246
52.9428
23.634
18.7231
48.2143
55.5277
-49.5692
57.0981
-22.2526
-31.7018
43.7128
-6.76757
80.3787
-31.1066
55.0951
-108.99
38.3916
-87.2996
85.6406
14.9878
15.2784
-16.3764
46.3651
3.38076
-14.2821
82.4518
-0.850754
-41.8792
-19.4579
14.7134
-8.02939
-21.947
77.0499
-15.8376
-65.7476
-74.9199
-17.7591
-106.502
-9.90056
112.441
49.8988
25.0312
94.5839
-53.9965
63.2807
95.9844
-14.2297
13.8548
-7.6832
46.3062
-95.904
-32.7114
24.3481
83.3795
22.8307
-103.68
-177.58
-25.4571
62.74
53.3887
7.59095
16.6937
56.5416
12.5415
51.8417
-16.5017
65.6964
87.6771
-45.7261
70.6855
54.2696
-59.9706
-70.1229
29.6067
123.49
81.5257
-22.9049
53.1177
17.3714
36.6741
69.2038
48.5972
14.0817
11.2098
115.622
-6.1054
-72.1966
61.2196
-109.383
42.4395
7.07636
-2.26455
52.6597
46.6341
-71.7068
-51.4005
18.5523
80.9925
-42.0022
-12.139
-7.75254
14.3144
-41.2986
45.0548
48.5855
-41.2009
-21.1205
-56.4528
64.3846
-97.7888
-95.8162
144.522
-44.7744
-131.82
-36.3246
-37.4858
29.838
61.0945
98.0215
89.8392
-22.2714
35.8725
119.958
3.60802
4.05798
-127.685
-104.888
14.2157
-70.4604
103.367
44.5918
-137.076
-2.01746
27.2855
-115.647
21.9273
7.98457
31.84
-46.8059
1.53833
46.7846
84.7768
-0.295714
-91.6912
-52.6916
-104.146
-57.0738
-63.8025
-32.9001
-50.8412
80.9166
72.0617
-45.0104
6.64645
-2.88687
-23.9999
-80.2585
30.3081
-59.3053
36.3592
-6.89458
7.28653
-12.1038
-48.2832
-12.6851
4.68139
-30.2077
8.58914
11.571
-65.6101
-65.9637
52.0954
21.7937
10.7385
76.4584
60.7906
43.5473
-39.7429
33.4854
40.2998
-14.6333
158.052
-7.77901
-12.365
68.3093
-77.4276
61.1356
-20.9799
-109.451
26.5579
-41.6772
-16.4144
28.6891
-66.1673
49.7319
63.3081
19.2181
-132.83
-23.5112
24.402
-92.7353
-76.5349
-75.8767
-102.224
45.8887
-70.6478
20.2409
24.3391
67.0728
3.35014
-28.658
-94.8844
1.02996
55.4951
84.1943
126.053
-12.4388
57.5581
-90.8606
-150.561
-3.03066
-74.6183
76.2828
-52.5603
31.1821
-63.5518
-33.0578
-19.3229
49.5203
21.2307
54.2592
-1.4195
125.377
15.6994
-17.2964
-53.2766
-115.603
58.567
-45.875
-48.5812
98.4182
26.6393
-61.0086
112.617
37.1557
-32.1042
-35.5509
19.4018
-1.94143
5.46752
-57.365
36.0517
14.4186
-85.2827
-136.853
18.1153
-33.8666
0.961313
141.108
-37.636
37.588
9.7188
92.6815
-7.30094
-40.8501
-6.36353
52.7783
-121.903
-71.1972
-58.1833
-99.6395
65.1026
-20.2929
-22.7806
61.3648
-27.8829
-50.1048
52.1849
-39.6932
22.0968
-85.8244
-76.0431
-24.4728
20.6986
20.2781
-20.3994
17.3072
22.7579
88.0131
0.461461
-29.5509
-33.2197
25.8371
24.193
-11.0314
56.9098
-106.912
26.329
-13.7299
68.631
-46.1246
58.3782
27.2234
-27.4824
-55.691
6.41096
102.041
-81.21
16.4785
20.4663
26.1204
17.4634
53.9483
52.6627
-5.18343
47.2661
39.3153
4.7724
-19.9557
58.2436
22.0052
-39.3329
30.2763
-73.9056
74.4943
-11.0577
54.2398
-23.4592
-71.4504
34.9818
43.4849
18.8765
-35.428
146.909
52.2561
5.12699
-34.7177
33.4667
118.192
10.9872
-49.1333
-98.2835
-71.4859
-63.8917
16.1484
23.7052
-110.141
38.8159
-18.2125
81.3798
47.3036
115.685
-26.1394
-35.1772
-17.1081
3.83431
12.9864
148.036
-18.5776
81.0893
116.141
-83.361
-22.7609
53.6414
28.5562
-23.7061
79.2277
-10.3369
40.9755
51.211
-29.7035
45.0553
-113.751
-54.0311
-142.403
-59.9284
61.9988
-19.6332
-2.14521
-4.07181
-57.1848
83.5396
-97.9961
-53.974
-75.32
-47.2419
-121.396
47.2945
5.87858
-36.9912
-78.7884
40.5227
-0.14652
42.2223
-97.1472
10.593
5.83448
12.8813
-8.32103
-54.108
-4.82092
16.5683
-3.57594
-17.0575
-37.3014
14.5548
76.8693
126.479
-43.3392
-46.9046
-26.4348
-37.025
172.67
88.1989
122.874
-4.24258
-11.9545
-28.4666
-7.51639
-8.54364
-79.3873
32.6524
-96.7998
23.3411
16.0342
43.8618
40.3172
-18.9223
64.9933
104.772
110.351
-17.1623
-8.23439
-18.109
42.3614
-50.503
149.186
62.0763
-119.268
0.735481
-51.5595
-8.24098
27.3134
6.49884
-103.833
-14.1856
22.0826
93.4176
-22.8295
10.634
-52.7599
-14.9191
83.5581
-35.8638
-47.6141
132.355
-12.0099
-64.2092
19.8631
13.0046
-14.2167
-82.4397
-15.3429
-41.2344
-4.91252
20.9482
-20.6809
-22.7038
-17.9766
1.57698
56.4915
109.855
-45.1249
79.5838
-7.07305
-51.6246
18.502
33.8556
17.3336
-51.1209
-29.0157
80.2162
-53.713
10.8176
-0.772864
-1.20657
-116.69
160.384
-42.6583
49.3574
-104.301
-76.9544
7.05258
56.6908
-85.1425
90.9264
-35.013
-54.1247
-39.2905
-100.703
145.751
-55.8952
72.5892
10.669
57.0616
100.791
58.1786
61.2733
110.083
-63.5642
-0.203373
13.9826
30.1549
124.816
27.5703
-38.0346
-48.5345
-38.5103
12.1549
-54.0797
-28.2497
-54.8554
19.1893
-11.2002
2.48647
-38.4532
-54.9025
19.2779
-17.9663
6.79704
-94.1842
-9.35002
39.0895
-41.3564
71.8588
-38.1686
-8.42286
-121.045
-46.4309
-32.1767
-99.87
26.5789
-4.64141
-59.4116
45.5207
78.7442
47.5487
-30.1452
-13.6059
-47.8592
12.9
-4.77389
24.8872
12.1457
-11.635
-19.8667
-73.1466
4.91341
195.627
-5.92014
-89.9135
-17.8539
-65.2559
-76.9965
111.583
-20.5882
9.51321
92.8131
-25.3956
53.6037
42.5271
-70.6989
-5.31622
40.4259
-48.6858
57.1278
-29.1283
36.7537
-17.8868
-52.4684
-28.2752
27.1515
-6.51388
-58.777
-67.1843
-25.2602
127.512
-57.7638
-8.22058
-77.4405
12.2497
-70.2721
-23.3014
-115.297
11.6631
-15.1424
65.4805
60.8259
-41.9741
70.1974
58.4519
-55.7548
14.039
-33.6444
26.1372
27.4748
9.29012
-97.4946
-47.5399
3.53418
-29.019
-6.21188
-45.9748
-30.935
-69.8484
93.9826
12.7936
58.7087
-32.8354
14.0363
73.6701
28.0562
83.5248
21.4842
72.3429
135.996
-30.4332
30.2358
-41.4336
69.1981
97.174
-53.0413
-21.2984
-29.809
-106.526
-10.8495
-28.6534
-47.6793
54.0454
-43.5085
-76.9379
-23.9881
-58.468
-7.91922
20.1962
18.6101
-80.0345
-23.7346
44.9215
-43.5242
16.7776
-96.2278
50.7138
-43.9842
-0.898961
56.4539
-30.8308
82.4
46.375
-137.042
31.2862
124.987
26.5643
-29.3178
-66.6143
-105.887
-38.3144
29.346
56.5528
34.3869
58.4198
38.9366
-6.59782
-3.66947
71.0201
42.8685
-26.4565
-14.7857
111.895
-32.7468
-57.7509
31.6627
-97.5848
41.7602
-6.44886
40.3946
-44.2376
21.6932
35.4071
-34.7699
-60.0254
-19.0149
-15.246
53.7318
48.0662
0.381509
21.3269
32.6604
103.238
28.9049
-29.2934
5.25919
-29.6689
39.5677
13.8569
-39.6307
20.0649
42.8482
60.2174
28.8226
-2.22088
-25.4746
16.5105
-6.79144
-22.7436
46.5958
-0.307006
0.816914
1.3809
-63.4342
-69.5958
18.8632
-41.2779
67.7205
73.156
-23.8156
53.2655
-72.1195
-33.4172
4.76034
-33.9134
-47.7088
-52.8553
-11.1358
-13.4161
68.4028
-6.68216
-33.7003
54.9439
46.4183
31.7744
-60.8524
55.1414
14.7215
89.6406
10.6195
-68.0701
-126.455
-26.475
27.109
-36.6271
-22.758
-47.4203
-2.41133
-70.7751
-32.9259
-57.9265
-48.6766
59.2805
-55.2799
9.57384
68.7296
-140.146
176.661
62.9894
5.99851
54.2784
-7.70643
-3.51168
22.7932
-3.94907
-126.431
11.4633
-60.903
-43.1011
-7.81412
35.2956
-28.1655
69.5964
18.6318
-15.5021
-55.8209
19.9321
-71.0884
38.9798
45.5089
-132.557
20.4202
16.5375
-8.0562
22.7412
20.2031
-51.8586
-111.445
-63.0518
-30.9757
31.4628
52.1648
-43.2877
41.5728
-15.5606
58.4993
45.0673
62.2409
-49.5442
-3.75663
1.54234
74.4711
-147.523
-115.237
-0.422418
43.0457
-31.072
-40.5677
124.009
-1.90781
-130.596
-50.5833
-45.667
45.8918
-52.5395
-72.7088
-72.3812
-83.0127
108.08
-59.0546
54.2523
41.4798
-47.6984
99.3404
-21.948
-65.7476
-10.8296
-53.0924
37.5023
-66.3377
45.8364
55.7591
11.1138
20.3958
34.1485
44.8178
15.8629
2.66499
42.8026
-1.5586
-9.34247
-61.7526
-75.4779
132.032
-32.5714
-31.7036
-32.0588
-24.0639
-5.5788
-142.426
0.0849521
19.8811
-17.5064
12.1371
32.6036
-10.2907
-39.2151
-13.8635
-12.4262
-35.088
-10.4669
-83.9884
-61.6329
-92.0503
-8.98947
32.8131
-59.4202
-52.1823
61.6524
-114.784
36.7376
-70.66
-12.8657
-125.124
28.1142
73.492
-39.788
-33.8511
-77.588
27.3077
62.0351
16.7411
-151.823
-2.49711
35.0269
7.37447
-119.468
-25.3382
37.6644
-86.0636
55.3463
-102.045
-35.9495
-33.9553
54.3256
76.245
0.2218
-91.5753
131.514
95.0148
89.6026
-132.795
120.575
-53.7536
-4.89628
76.6272
-15.4609
12.6305
136.911
-65.4325
-11.8472
-33.4178
-32.2331
-55.2094
59.509
-103.788
-40.2029
-99.4654
39.7697
-46.6257
4.55955
-91.628
22.7829
11.7734
91.8081
61.2607
110.115
6.96121
39.7346
126.405
61.028
83.8324
-0.973225
-3.35072
-72.5685
-22.0372
5.66452
34.9916
-61.2998
-18.0109
27.8027
-2.37591
-8.96126
72.1156
-60.0876
107.338
18.2256
60.3673
-39.0162
44.5067
-28.2426
103.399
14.6048
0.145307
39.206
14.3111
-73.476
-29.0253
36.3438
85.1765
-59.3788
-12.6323
-69.8785
4.78709
-69.0137
-34.5346
17.5106
51.8183
-7.69489
127.784
-5.18794
-84.135
-24.2223
9.85635
63.6735
-44.719
-13.6968
20.4416
1.7689
-1.77876
-86.2914
39.3414
48.0193
76.5131
66.0795
-72.5441
-2.77714
-79.7908
54.5976
-96.9559
30.8336
-34.8527
-52.7958
-7.14592
83.1933
-53.5356
-11.5856
19.99
37.6337
40.3439
-55.201
-92.8214
40.1493
26.0279
-44.1307
43.462
36.7182
-37.9936
-29.4393
-67.903
-73.2638
1.65546
-119.332
-22.335
-39.8304
-9.324
56.2606
33.0266
23.8697
-56.4136
-49.6796
-34.3805
-45.8006
-5.39605
-45.6306
-16.749
58.8871
-41.3961
-46.9491
27.961
26.0645
-23.5906
-11.7407
-56.3959
-39.2399
34.3184
-28.8661
27.2143
-4.1695
136.044
-26.3517
-68.8238
50.7359
5.32099
-2.3874
-46.7997
-72.1667
-23.7325
-1.97474
-66.3784
-123.549
-111.896
-36.9969
136.234
6.95617
9.39934
46.5924
-36.2345
-2.03875
-12.4027
-75.4921
24.2861
19.9544
80.3311
55.1745
91.1464
-33.1822
-31.3709
23.4271
-61.1685
-81.0779
-7.05748
37.2987
-87.8756
-134.107
79.6644
4.58312
-115.332
-108.806
-23.9586
-67.9148
-1.13589
-5.59241
-35.39
-50.8719
41.6292
-62.5136
105.968
10.1214
-13.9377
21.021
49.17
125.258
-61.4991
-81.0921
16.8313
51.7172
-15.807
-25.7534
-40.5341
2.50825
38.0276
-26.6881
-17.0671
-25.3905
7.47646
-39.6701
39.7575
60.4998
23.953
19.236
16.9581
72.9729
-30.5254
43.9567
40.6252
48.41
-4.40778
-55.8556
128.27
-0.191202
-32.0476
-9.07501
89.9925
89.2434
-48.4355
-11.8158
72.8456
10.4482
-13.2132
28.999
57.2091
-62.3039
-46.6975
23.4408
7.11075
-50.35
101.276
-41.0044
-35.2645
-54.4298
13.4802
-144.626
-61.3187
-47.1531
6.88046
26.2409
-56.3593
-3.11486
7.05735
-90.8932
12.3313
64.1265
4.93272
21.335
52.3715
-9.74375
-0.355781
40.7657
49.9893
87.4122
2.72128
80.7241
25.3172
52.3557
81.3525
-28.8628
16.101
-43.9549
-50.025
36.3444
54.9673
54.0642
-45.4777
-110.73
-57.0698
14.1889
-35.3508
-73.146
19.8883
20.7301
-9.7827
-51.7416
-12.0332
-124.747
-24.9791
-16.8506
-25.0536
80.8476
27.8449
53.7493
-12.6508
12.0013
-16.1309
39.5625
-67.5018
11.1115
46.3835
-34.6093
4.44966
-40.4053
50.9711
-28.0479
53.2016
19.9813
-4.99958
-44.4608
-38.5276
-109.859
-22.2894
33.1671
-1.41167
29.2828
9.80851
54.6243
83.1934
0.0869717
-9.81348
-14.7534
-105.307
42.1322
-19.9095
5.22758
-57.8981
69.8138
-6.88889
43.122
54.596
-17.6398
-39.9096
-101.289
5.30023
29.7769
39.5468
9.17157
18.6435
-53.7546
-14.223
54.3048
26.1239
121.314
77.011
-21.4813
-38.4547
7.91935
32.3286
-48.0943
18.379
-25.4439
57.0245
77.7207
104.889
71.1568
-44.5851
-53.3437
39.406
17.9853
-67.7459
-93.1664
39.7346
48.0648
51.5926
105.622
-29.5427
90.3217
-33.0111
16.4485
68.622
25.2762
-10.5272
42.3108
7.9754
40.039
-41.4263
-68.4071
29.8325
92.7674
17.1318
37.394
-34.1895
61.0085
-93.2774
3.10532
0.42639
22.1182
58.0541
46.3744
-53.0853
30.9671
-6.1619
-5.33225
36.9314
-8.68802
33.622
4.52965
-32.5673
-57.3587
-107.143
-2.67559
145.356
17.7771
-173.951
-14.7895
-8.9563
-19.6277
-35.3341
-35.9944
95.4688
87.6532
-74.171
-42.7264
-40.98
35.0408
24.2861
55.0826
-60.7852
42.2877
-41.4789
11.4887
-28.6676
70.1911
75.6817
-81.5154
74.3277
-64.9568
-87.0691
-79.1103
-72.4542
-63.6957
67.7108
-3.85034
-90.4777
-73.4433
32.4536
109.798
1.39597
22.7914
-115.789
61.4641
30.5255
-22.1024
-90.5314
-20.7111
-38.3937
8.02261
58.1972
-31.9762
-53.5206
24.1944
-54.6636
3.7179
8.258
-97.1579
87.3519
-51.6552
-95.4907
32.7039
-112.597
5.63981
91.9616
-34.0375
0.723569
26.3568
107.533
51.6617
78.0232
72.28
2.85429
-48.1773
69.8274
2.85757
-9.04188
33.3113
-106.807
-33.6951
-51.9558
179.618
-34.336
4.51418
29.6018
67.1
100.842
12.0667
-31.0547
-30.3626
106.844
12.2951
-42.706
-13.5559
-86.496
-62.7336
-141.183
-127.969
-38.8225
15.1654
75.2532
36.7105
-50.2194
-59.4428
32.3508
-49.4347
54.4615
80.4324
-46.1461
35.1874
27.6787
-75.0445
-37.4478
18.7356
-73.38
117.043
19.4771
82.7646
4.78905
-46.5361
-96.3944
-69.833
-82.398
-34.6945
-14.9298
-13.8499
-39.6452
107.817
-111.86
8.26769
-93.9793
-39.248
-71.5427
123.458
32.6677
-33.826
-35.8358
0.80071
-0.118854
-38.7612
139.97
-36.3586
-65.2848
-110.541
-53.9564
64.7435
-70.919
80.2307
-7.78623
8.26857
34.531
-40.2558
-66.7014
-2.36099
3.87279
74.2415
-53.451
42.7279
-3.39712
4.72592
-73.3796
-23.2654
84.2692
-37.3901
-53.4943
39.0182
-35.1737
7.28116
26.334
-15.9662
-111.414
-18.7467
-54.9177
-63.9467
-10.0646
17.388
-121.21
-7.74291
46.2256
-29.5567
-0.345938
-15.8619
-82.06
-51.1639
117.055
-52.1085
8.45063
-2.80207
0.762236
55.2447
-20.5831
-25.1906
-34.8019
-29.0786
-79.9737
41.3695
-74.6415
-10.1979
-72.9779
5.96352
33.1603
83.8852
-24.4623
-70.4723
40.7837
-22.6326
-1.37036
-18.4825
-69.7817
-66.0959
-51.175
49.9282
64.5085
-5.33616
-98.0535
1.67997
71.5086
32.8197
-20.8829
-57.0238
-31.1116
73.7439
38.6771
-17.4908
3.81449
35.585
-62.7825
33.1309
-1.23044
-36.4698
2.56142
-76.4091
33.0229
-9.07794
24.5648
7.01873
113.592
64.2178
-16.585
37.7651
-10.4983
42.1512
-2.64414
-24.5167
44.6987
-6.76589
-56.0069
65.0629
-15.1052
54.5184
-95.9799
-75.5972
63.9721
-2.7585
-1.09971
41.716
-51.4356
4.56782
3.90279
-9.98413
29.3019
52.1864
-11.8758
3.50324
-4.17004
-0.777992
-20.807
-1.56175
11.3621
-119.343
44.3224
-0.713541
-0.804841
-54.641
-31.8757
57.8047
-0.118044
16.0442
36.2638
-42.8964
10.7273
-40.1966
-25.02
-8.87195
-31.1926
36.7163
79.5387
74.8404
93.8459
-37.2051
-13.2821
94.9685
-52.143
-21.0699
7.58513
45.35
33.0905
6.00942
19.9799
-1.59831
71.0342
38.1326
-75.2667
-0.848407
-16.3062
-18.4529
9.65131
-75.3512
-91.6638
109.116
89.6675
16.6359
-27.9269
-83.2597
7.06421
62.8365
-1.36052
10.6134
-18.9169
-2.174
53.4917
9.2181
21.7357
8.36547
66.0827
-78.3512
76.9841
-45.1463
-63.944
88.8998
33.8295
-8.82249
41.1704
-31.0152
28.9802
-16.3946
71.9678
-3.09853
-47.5296
27.0454
-43.2285
-30.6178
96.5292
0.816889
-10.3673
47.0045
-14.8056
-7.60767
22.7897
20.2144
-51.3176
82.6128
-20.1757
46.1833
-8.55234
-5.15823
8.98246
69.5382
-144.976
-43.0793
22.9584
-14.368
-5.75458
-43.1937
61.4386
-0.0804319
25.4256
-29.0929
93.1041
-29.3712
-16.9351
-36.9215
-83.9599
67.158
75.8587
-58.6488
-106.417
36.3276
5.4371
91.4312
-17.5449
-79.3197
47.196
-5.88102
-113.043
-114.543
39.9021
0.51764
32.1305
1.76569
41.1468
63.0335
125.45
86.4322
154.32
-13.0606
45.4566
60.9663
53.6019
74.8153
28.4315
69.5506
-104.742
16.9041
-20.689
-14.6916
130.56
-8.47215
-76.0976
-46.0129
1.84679
-19.3211
14.9407
71.3332
-58.3183
-97.8363
2.30842
-53.9985
-137.813
-95.0868
-67.2559
-40.8945
81.1264
28.2286
74.3824
45.8277
-33.5704
68.7904
-32.7605
-31.2775
-56.9767
70.1825
-3.72134
-14.5406
-22.6714
104.259
93.9877
-26.1875
-92.9191
92.324
81.2481
-23.0397
-24.2132
-59.0329
60.5905
-86.6175
-9.19328
22.1371
88.7737
75.5163
38.7583
-23.0137
-27.2308
-41.4865
-20.9528
67.9727
7.42351
116.125
28.4287
-16.6748
-35.5268
102.297
14.571
89.1923
12.7161
123.831
-52.8693
69.0903
43.6146
-29.5921
-68.1672
10.4491
-59.047
-92.5415
4.10829
-80.2858
78.1001
73.4286
-63.1072
-14.9628
-25.7902
-12.5802
-78.4078
-17.2326
-1.99916
-28.0064
-6.04962
74.9381
21.1433
39.9202
39.5058
-22.5549
-31.5346
30.7784
-9.28959
117.44
-128.936
8.24037
2.6962
-16.6759
-3.25108
26.4049
11.1536
29.4137
-24.2848
-40.2404
-47.7667
-97.2358
-81.1885
64.11
-107.341
-40.0065
-108.738
-43.1882
-8.57642
-51.4013
77.6696
45.1082
73.6798
-51.1522
95.0291
-83.2108
90.6592
6.81663
16.7928
71.6846
-34.0205
-96.6084
16.9156
113.587
51.3761
62.095
-65.5915
-84.6367
-17.3384
2.24729
31
-39.6526
36.9471
-17.8568
-4.59991
16.7457
93.1187
54.7227
54.2486
-80.3055
26.0123
20.4857
42.2082
-35.9422
-93.8943
21.2995
37.6689
24.2344
-60.68
143.214
9.3397
-12.2246
64.9097
55.2096
-2.92825
5.16894
33.7802
89.8649
47.8947
-80.6876
62.599
13.4005
30.4579
-25.4869
-185.19
-13.6326
56.4945
-32.9471
-72.3881
37.4909
88.0408
28.4924
26.3185
-42.2441
86.3312
105.018
-52.8785
35.6374
42.2693
-13.3458
19.6789
-40.8721
32.2738
90.5417
46.0178
10.2704
65.9122
-33.5031
-44.5881
39.2308
55.5634
-150.494
67.7755
-115.416
-26.8749
-8.34308
26.906
39.5583
-74.3298
159.548
81.9857
61.8759
12.465
27.9085
-58.653
58.9351
-106.038
21.3365
10.4056
74.1832
-12.3167
122.633
68.4309
8.27782
14.2825
56.6369
36.8229
7.18085
-58.5097
-38.4402
-64.5743
6.07365
-42.0274
17.8667
-61.6093
38.022
60.4639
72.8155
37.5315
18.9822
10.0811
-99.913
-45.302
5.16161
48.2967
-1.00297
-5.78122
36.7281
115.46
23.0763
-36.1673
-97.0004
-37.482
58.4412
-1.31335
-54.8044
-46.2072
-65.1921
-34.0508
85.6975
-44.2139
-18.505
63.8933
-101.689
-32.8306
20.7398
-36.7054
-22.7522
-86.355
-65.5623
2.62118
105.688
-41.1191
57.6324
79.3507
-16.1792
168.704
-10.546
32.0202
6.30491
55.0554
-51.5152
-30.2312
28.2573
143.949
-49.5665
-8.24222
109.33
-51.0983
-30.4654
-27.7232
-36.0448
-2.52462
56.4164
-2.17423
-18.1318
-79.8638
16.1052
125.693
-47.7174
30.3781
-95.4342
-21.7479
-22.8575
-53.6405
9.34619
107.787
87.9132
-91.8739
-40.2085
38.1684
-20.3585
-19.0073
28.2216
42.0638
73.8529
20.3952
-30.0981
-20.5074
35.086
59.6436
84.721
-26.7163
63.5685
-8.20916
53.7804
4.22801
-40.5731
77.9447
-26.7392
-69.5394
-73.818
59.7047
-43.0185
19.6746
68.8617
59.0078
-1.68682
-32.7554
-10.5372
61.8231
10.4894
-131.007
-149.576
-46.9932
6.04819
-21.8412
23.8592
-38.0033
36.5753
73.2161
58.19
-21.2155
-15.6415
-31.9284
18.9655
62.957
-34.5639
37.1379
-63.3613
1.86473
35.8485
-60.9874
-32.9755
3.39486
20.4428
21.5562
73.724
32.6071
96.2052
-6.23434
-62.4603
-94.0014
27.3469
12.1637
-36.5863
151.721
-83.0101
48.1242
88.0725
-31.807
-48.935
51.5091
65.3349
5.98284
21.48
-60.2434
-23.5655
14.2359
15.1116
43.7505
32.3901
37.4112
-79.3978
-23.2844
68.4197
71.7285
73.0121
-157.996
-48.686
-99.8403
146.245
34.1337
-65.2849
46.7354
-28.8253
-6.26799
70.8198
73.7564
-49.3451
-71.133
-14.4132
24.58
41.2568
-42.3771
-5.04374
98.6401
13.0818
18.0283
84.9596
-30.4831
95.1691
96.322
93.6563
20.8019
-68.6197
44.9467
13.094
52.8244
-27.1085
-125.813
39.4903
-11.6203
108.164
10.275
77.5294
63.6654
61.742
83.3879
50.6951
19.5415
10.3369
-87.8064
55.9335
12.9345
77.8982
61.513
3.07552
66.1791
-19.1088
-35.82
-158.864
25.9319
-19.8814
-30.593
3.03222
-36.6908
-29.7228
-76.1546
-40.0763
36.1195
22.8231
31.9966
-34.8149
58.4492
40.6834
-8.68021
7.96929
13.6304
-132.747
80.8207
-16.9916
55.3174
1.07767
58.6701
43.3215
18.644
-15.1375
-31.7634
61.0392
66.19
25.8412
0.213942
-5.44672
-26.824
-67.2415
60.1618
3.7521
-30.8299
-74.8411
18.0323
80.7916
-33.4896
129.244
-2.46679
-114.551
-15.8835
24.2762
66.3469
-37.2783
11.107
42.0329
14.0356
55.4306
-141.001
24.3104
-89.7499
143.86
-79.8225
56.328
-117.317
-34.9132
-5.18991
86.3644
2.33096
-48.866
-0.33197
-67.946
95.4463
-53.6133
-12.2302
-80.1296
-20.6737
49.0973
-132.803
2.38006
137.382
-44.7364
51.8396
-28.2517
4.11125
97.793
52.9753
40.7093
-29.0124
-149.221
-3.11673
-2.66362
-3.95571
84.2767
8.16996
-32.4131
0.00554344
26.834
-122.015
44.8343
22.3513
39.5835
-47.0424
-72.3861
41.3903
33.2827
9.49911
53.7452
-59.9182
-5.547
9.70428
40.5573
0.967269
99.5063
-44.28
32.8477
-5.10031
43.3632
-57.9594
-71.1378
-93.9549
42.6924
-89.1555
44.4213
-56.785
13.96
-43.1304
-70.9462
-17.1833
-133.45
-48.5759
43.1208
4.98703
-59.8565
-25.6144
8.14457
15.6479
36.5202
28.2586
50.8778
16.5812
30.1634
-34.8139
34.7317
-58.376
99.7696
9.02817
-22.0018
52.4825
-145.971
-0.368586
-4.36079
-28.567
-77.4936
31.6156
-37.177
44.1349
-36.248
-131.938
-125.615
3.53139
11.674
50.4648
8.36635
29.1296
-69.1412
38.7009
-73.0625
86.9609
194.503
49.5587
-54.9265
78.7634
-13.0191
51.267
-28.5864
17.7058
-48.9098
-6.57217
33.7201
-57.35
39.92
30.1909
-20.5348
30.1474
74.032
-147.523
71.5162
-68.2209
-53.8327
-54.781
-25.917
24.2525
-15.9004
16.2329
-53.6204
131.616
-9.87112
14.578
-3.04215
59.5571
5.72114
-46.112
-0.278569
-34.5512
43.4247
18.0378
26.6735
50.2614
3.7936
12.9346
-9.82745
-22.4276
-50.1966
-28.9351
52.0417
-40.0177
-6.76369
21.8217
-12.4238
71.0248
31.0961
27.8052
-142.982
40.329
216.847
-28.2748
-123.135
-55.2536
7.3885
37.3213
-4.312
-10.8307
43.0238
-115.8
0.172998
-74.7775
0.0427726
-92.5601
41.0182
4.78361
-69.4705
41.5898
-5.05316
14.9258
-10.9609
86.5204
-51.22
-67.3598
-66.7371
7.72663
-10.7186
-27.2893
12.0666
86.8538
-53.9963
-103.543
-50.4108
19.1303
23.4388
38.8283
36.8724
2.37568
60.1826
38.8147
-72.0703
-39.8685
85.1144
67.8679
-42.8346
28.1682
53.9517
29.1315
-15.6419
117.855
10.5062
-24.5181
-12.8817
-2.9487
52.2599
-19.4269
-20.2354
41.3271
1.3673
64.9354
-82.4739
47.6564
-45.375
89.7599
-29.3869
-83.6972
17.8873
-25.7098
56.3026
41.0325
71.4479
-55.4738
-58.4951
-60.5672
22.1456
123.19
-17.4053
50.3137
-12.7217
19.2869
-42.7633
-17.5041
21.0241
-45.5121
30.834
64.6252
18.6436
63.9793
-20.3695
-2.76082
-22.9689
-21.9799
24.2746
-76.1835
60.3917
66.2399
4.66604
47.7669
43.8048
36.7615
-1.14552
-62.0067
6.47932
101.24
-116.743
-39.5211
26.1593
-25.1528
-86.1882
52.3097
-14.9835
52.2692
-74.7813
100.676
-13.832
100.527
52.1467
44.2429
79.3936
-27.4778
-71.4442
39.8368
-43.9682
-51.6104
59.0821
43.3403
62.7511
1.57696
-21.5829
-139.923
29.0237
12.7476
10.1465
-0.179227
32.7992
-32.7908
-80.9794
-59.1447
-32.7993
-1.04377
-78.8542
2.15717
16.2661
-27.3176
-57.0026
49.9724
21.0138
61.2298
-81.3008
18.379
-43.0952
27.543
34.3369
-79.0991
-93.7053
140.618
-90.2007
67.8793
-100.24
-12.0127
29.6973
-90.9312
14.3391
35.8669
0.0249193
-19.099
-83.4315
-26.2698
-15.914
58.8293
-86.0043
28.333
-62.8697
43.9851
-22.7556
-58.763
82.8404
53.7325
-63.0177
12.3634
-87.7746
7.42191
-20.5102
61.3193
54.4206
-55.3436
81.0189
126.177
-64.418
104.594
63.3783
35.3805
84.6258
23.6025
-76.1408
57.6528
-38.8742
-109.236
29.4339
-45.7729
-23.2538
-41.2682
97.0521
14.2184
-41.2783
24.3618
124.941
-12.8316
-34.7519
-51.9252
18.0444
9.93912
17.5072
54.9784
-44.4444
72.3313
-42.0784
-24.3003
-32.9729
-25.0723
-104.805
-1.7879
-43.8212
-23.7942
-21.346
66.1698
-11.9537
-33.1758
38.2819
-41.3704
164.944
57.8212
-74.1752
-135.274
-29.2605
99.002
21.6358
58.818
-29.4669
-98.7912
-96.7108
-135.46
-45.6852
90.2411
-59.0444
-19.19
-40.2141
30.0091
86.091
-54.2044
-84.5961
33.298
61.2082
11.7699
85.96
14.3669
-51.483
-35.7954
77.9526
-22.9345
-53.8566
-53.3429
3.38246
36.0783
-4.70347
-67.9866
106.945
-41.3008
-33.2375
-49.455
-22.9263
75.1688
-65.3417
-26.5125
-17.5582
-34.8457
-72.0155
113.558
-12.9899
-80.2842
34.1492
25.9223
3.64448
-90.8725
-30.0943
38.1386
-8.25913
-22.8768
22.8427
47.7756
-27.7942
58.6122
60.1612
3.90268
-58.8312
56.4664
2.5428
20.6915
-37.8617
-69.2579
28.511
25.9321
-27.1287
-51.6417
-28.4751
-54.823
-48.3445
-92.9922
-18.3044
-68.1745
79.9836
21.6697
-48.704
77.9778
-1.64816
-32.8759
22.2929
-107.901
-29.0024
-42.8226
26.4813
-97.3718
26.326
-31.0899
29.5333
-51.369
29.0567
0.450849
4.35032
-18.2118
-22.1133
32.2834
-59.3708
-56.1122
41.4781
-2.49882
-57.0389
-54.9993
-28.6286
-52.012
127.255
-18.3706
-107.673
-100.315
-69.3898
-78.5722
68.6782
44.3643
-16.495
41.8838
11.3574
49.3658
-30.5412
8.47786
-29.7352
52.3275
24.5654
-51.0072
-74.0024
-19.3824
-33.0742
-104.91
63.783
-56.3869
-4.88928
27.5007
-87.6748
-139.666
93.4134
-3.872
-34.5155
29.2299
53.2272
7.08314
-0.688627
22.904
-68.8241
79.0455
31.2988
-8.92175
-24.4845
-43.593
3.82607
-133.798
-48.2285
-30.3016
-78.3919
-28.0791
10.307
-28.332
36.4412
-45.4544
-23.5863
-87.8591
39.7957
3.96758
22.1394
51.5981
-61.6106
42.0389
-202.59
16.4305
-36.9648
22.3973
40.6493
-44.1888
43.7776
-7.43537
-0.352084
-65.0253
89.1479
64.104
-57.6886
-53.6084
-55.8921
-3.6368
-89.5594
-64.2088
-78.5836
11.1273
-82.3293
-77.7014
-66.57
-4.97347
-22.8693
37.9074
-40.351
16.537
-115.425
2.99421
-19.6967
10.5443
-40.3003
-39.3787
-22.3728
-66.4057
-12.2511
-100.864
-4.59552
-78.6805
-98.2253
-19.8914
-91.5879
56.9127
1.63531
-19.5093
7.98031
-12.2326
-62.5388
167.747
-19.2873
35.7956
66.4104
40.3516
45.5664
70.7423
24.9386
58.2097
6.99606
-25.8799
-41.5568
3.26633
24.5472
0.522337
-70.2074
-6.41588
-12.6673
-90.6238
-16.8509
3.45746
-34.5987
0.862834
-21.4839
-13.1466
-4.4265
12.9445
-12.4396
-60.0295
42.2485
-68.7871
14.3522
27.5852
-91.972
-24.7533
-27.9455
62.2233
16.2519
-31.321
-44.7395
10.0938
-36.3524
-26.9649
3.2643
3.39926
85.7929
69.4505
14.6344
-55.4361
-8.58896
-34.1575
80.2462
6.77573
94.719
-17.9132
-20.334
-58.0043
40.6244
-3.45712
-41.4266
-55.548
-38.6632
-33.1679
-121.16
-33.5116
4.81787
22.467
15.0513
-15.5408
0.506103
-7.12148
-119.414
54.9175
4.37324
50.238
17.9287
81.7417
34.2575
-65.0033
71.9719
46.7416
21.873
51.1872
-25.7399
128.774
29.0108
-35.3923
82.8539
54.7145
50.3771
-130.379
88.7382
43.4695
90.8921
-68.4163
-0.813942
-8.0054
34.4075
-29.2323
13.068
-33.4871
29.2782
-49.3009
22.9863
33.6189
27.2027
17.2201
27.9335
-26.2165
-91.9009
4.0656
-14.3185
25.8463
-45.7973
-61.5619
58.9981
-40.6538
31.3065
-127.749
-15.0454
-6.91773
50.256
7.0368
-7.29371
15.5019
-103.886
-21.97
-15.0508
-41.4194
31.9156
43.2999
-42.6848
13.7516
-93.3977
-14.4548
-49.8605
-7.05275
44.3997
86.6642
-24.6149
96.423
37.4445
-62.5251
25.2745
-76.4445
-12.6018
-2.50492
-21.566
-57.7945
-73.1632
51.7612
-6.46248
34.7578
126.894
16.4461
-4.29165
2.65292
35.9104
63.1957
-24.6557
-85.394
-1.85951
-27.4911
-66.963
14.0973
8.43797
5.66164
12.7578
-16.3534
40.4913
-25.4661
0.529404
65.7018
67.2872
102.108
83.2433
90.4344
106.064
-11.76
78.6623
-34.4214
43.8046
-34.3249
-34.4612
-2.51999
76.9565
80.4337
-6.93131
3.61523
45.545
39.1962
-37.3094
33.7712
-88.6871
-21.4219
102.452
71.5464
118.185
13.7633
-116.187
-48.4307
31.9207
85.4666
-74.5564
-73.4728
4.74768
-44.2801
98.6335
-17.3442
-41.7143
67.9543
-70.2157
28.4277
15.376
122.318
45.8672
76.5326
21.4886
62.0952
28.3421
-70.086
112.834
-24.7521
-138.853
55.6257
-30.8892
19.9023
-59.1304
27.2349
33.5587
-8.92265
125.925
-52.6773
-8.16834
37.2655
-78.4951
-5.95167
-37.2663
-94.026
59.9241
-47.5595
-137.666
186.704
73.4361
33.014
-2.94086
-26.0421
58.936
19.6625
25.5407
-75.0615
-102.019
-73.826
-29.6868
-73.6777
-23.1655
43.571
81.1559
70.7835
48.7697
-33.8742
61.0669
23.9031
-28.2391
138.908
32.1855
-23.7949
-3.95478
-41.8249
7.25236
53.0799
10.2887
-109.381
-48.8526
-26.6825
177.666
-41.7081
-32.7663
-62.4227
-6.53489
-76.7437
-38.1817
18.9907
-41.8252
-78.9051
85.7861
40.9811
-60.3337
15.4201
-24.3966
51.6727
28.1359
94.0948
12.8759
114.477
71.131
-112.274
15.6885
-67.9605
-5.27561
-41.1899
11.3193
-38.5729
-65.7479
-12.7323
21.0305
-40.2793
30.8592
-49.1277
9.95341
19.9225
31.6646
-42.7825
-63.5603
-53.9569
42.373
43.229
33.238
-19.14
20.9348
78.2582
-71.7891
-51.3274
0.113026
-34.8566
-25.1086
115.571
-91.3287
37.8436
60.26
30.2454
-24.0374
-141.647
-85.1138
-59.1664
-6.29763
-48.808
-26.8205
38.5307
-65.072
-58.756
30.6851
43.7562
63.2765
-37.7392
48.271
-11.9723
81.6194
11.6298
-21.4443
-54.5011
84.7672
22.0799
-19.3069
-18.9764
-159.285
131.958
2.83021
9.72809
-100.769
-30.7905
49.8164
-62.1464
-34.6629
-39.8875
125.758
-95.5542
21.941
-10.2773
-52.6603
14.066
16.5761
16.4838
1.3017
-10.8066
-14.7344
66.9129
65.0538
-66.7828
-11.4019
-88.4584
69.084
-51.4626
-29.5509
-2.36036
32.7788
39.8505
11.7236
-53.0006
125.689
-17.5207
-22.9058
106.106
-21.8219
-12.7361
-81.044
-51.6292
111.528
12.4828
91.6751
-58.0987
81.736
-80.2716
-137.601
-14.2514
-5.92282
7.7361
78.3202
50.9794
-33.7104
-14.5694
-90.7835
-1.88947
-11.6485
-18.7158
19.3334
-31.2384
-21.4759
67.2896
122.82
-55.2868
23.3796
-56.3332
-14.3505
42.8415
-43.9434
-1.12743
-11.9851
60.7346
-122.959
23.2053
-29.9897
53.6562
118.053
52.1221
-26.818
-91.1652
-33.3336
-58.0686
68.8428
2.014
63.5384
-1.07096
1.45443
-83.8836
1.56459
-23.1388
-105.792
71.1579
64.9921
27.1582
-72.1245
-46.7377
-81.8255
41.8748
26.613
-52.8468
63.0895
0.488801
66.9306
28.4318
-35.2188
146.407
28.9984
54.1474
-49.2477
96.2106
-45.6667
-24.0761
-16.6514
-71.9007
2.74758
-11.091
100.983
-54.1633
26.5759
-61.724
-23.6852
42.3672
-32.1913
42.4099
86.924
71.4706
9.57931
58.4018
-30.2175
-43.0269
-44.0084
-18.1607
-100.682
17.0335
23.9004
104.341
-26.6726
-18.2069
-6.19737
-19.6881
-48.1188
-65.3552
-52.4733
-41.7087
20.7209
79.1322
-1.59591
42.2029
-30.1694
23.8217
-43.5114
-11.3402
24.6697
101.327
71.0323
22.6332
2.80126
-26.8298
58.6822
49.0608
60.166
25.0092
77.1215
-56.2235
31.2487
14.5518
15.7476
27.6186
-54.7314
-68.2216
100.62
136.148
-84.7851
48.8336
-109.503
53.5912
15.0328
11.4192
-79.889
20.8375
14.3481
36.3508
28.2707
5.06602
70.8806
-11.7095
-48.3475
-89.291
-39.0311
-51.8684
-26.1863
3.42767
25.4097
-57.7647
-11.5897
54.8655
74.5054
-36.1851
-96.6497
-52.2736
78.7348
25.3627
101.899
0.0599067
-17.9965
-18.4487
-56.8563
-44.0533
-71.382
0.248989
-15.5986
6.19198
-109.224
6.3671
-18.0057
-2.65337
-4.20221
32.832
-117.04
22.9555
-23.9398
30.2522
10.6304
-58.1716
18.3811
169.582
14.5056
6.66931
35.1669
29.4957
-12.7661
-45.1858
-49.6748
-24.0044
98.7058
-16.3031
-97.4551
-15.8729
-15.7668
112.29
15.082
105.785
16.9735
-43.0884
54.7442
6.42752
-95.5309
-73.6759
117.6
53.0562
23.1741
131.745
4.84498
-55.3997
9.46185
-61.3386
-48.5611
18.8846
15.6021
12.3083
-92.827
-55.153
-42.8961
9.6241
9.94884
16.9814
23.6867
21.5209
-62.1802
-118.502
54.1723
-18.452
-9.61266
20.0384
-63.1836
5.99348
69.0166
14.4813
-135.358
-49.7412
41.8914
-7.46366
12.4329
-10.3549
-25.5256
-96.1872
84.9833
-53.7515
-67.1472
-18.8699
36.146
-38.619
1.32211
126.113
9.70053
44.5784
-55.228
-38.6915
40.7
28.2888
-4.30129
-23.9264
-20.9886
-16.6399
-5.2016
-41.1378
31.3442
-29.9927
6.81873
-73.5145
28.9274
80.9086
48.9464
-46.2681
-104.799
-16.3365
-34.3714
25.7047
-42.9654
-100.274
149.043
36.2824
-24.9452
-67.6906
-29.5747
88.4279
46.1372
-32.6877
-48.1072
95.657
-56.1858
0.986123
101.229
47.418
64.3825
4.07805
31.1621
-109.468
-65.6076
-70.6356
3.32557
41.0788
-56.6183
91.8954
-99.343
-1.12441
-125.196
95.76
-29.231
-51.4632
-46.1634
-77.1867
51.2764
-7.40717
17.6514
-98.4731
73.622
98.5307
29.0102
24.4692
23.0395
35.4853
63.3145
-84.698
-50.2744
88.2253
-52.4133
-41.891
-15.8352
43.6597
29.6756
41.2706
-2.84382
62.5525
-79.8735
44.8112
0.481599
23.2984
63.1674
-84.8618
-65.7556
-73.5681
-42.0973
69.9401
75.3235
94.0941
56.6038
27.0642
-44.7575
98.7983
-16.6535
10.6247
94.0974
-74.7874
-14.0139
0.04101
-44.1604
55.0074
99.9059
47.1943
-30.0358
67.5915
60.1585
97.1672
-71.5027
116.381
-16.3435
30.8857
34.7259
150.684
-69.5766
-19.0863
4.7291
-34.3252
27.6688
18.3192
64.556
-53.8038
-42.3434
87.2603
12.4729
4.92787
118.052
-77.6629
1.58948
-22.0903
-10.212
-0.400367
-111.764
51.0345
-42.4517
-132.555
49.5811
-61.6167
-14.918
-29.6406
-2.11491
78.4959
174.377
-14.2367
9.65826
-9.74156
-65.1947
-13.1358
89.3858
-71.4733
-76.68
12.0783
-18.9882
46.5435
62.3058
-118.057
72.6485
76.507
35.8783
-44.7019
-4.86484
74.4515
-37.6637
-110.076
55.2415
-51.8165
5.58436
45.0684
-2.95475
12.3846
76.8945
36.8858
78.8938
0.153134
18.431
92.672
62.4044
69.9428
47.6919
30.263
-104.18
105.541
-55.3173
5.45053
163.896
47.6027
19.4337
23.8145
-112.314
31.0565
111.585
-71.1549
56.4663
88.531
-68.5436
-36.7686
-81.2263
136.258
22.3633
5.94922
12.4912
37.9522
44.3276
-35.5425
-6.74249
4.33776
57.6301
-41.336
39.1801
43.7456
2.39444
-22.2487
70.6566
11.1955
17.9383
-11.82
-42.6458
-8.31381
22.4271
38.9089
-81.5601
-107.729
122.693
51.0975
-197.508
-98.7742
7.32021
-35.8343
-14.3243
-11.6562
29.085
-2.15474
-96.0762
-75.1454
-23.7155
-149.515
50.3906
-65.3682
-12.0395
17.6629
91.8428
-14.2166
37.1581
105.951
37.2729
-44.4479
-76.1697
45.4648
86.8326
-43.8254
7.54494
-37.3653
23.7169
49.1642
-22.0074
10.4368
-97.8593
-135.839
-8.7634
-87.4268
63.1744
136.163
-97.6837
56.5591
-150.156
8.40815
107.665
-88.5309
38.5605
-16.4581
80.4971
31.0179
-4.69588
-147.445
27.2898
-73.6001
-33.3582
22.9579
-92.268
-107.626
23.1066
43.2553
-77.1685
-62.7948
56.4231
-77.3865
-33.778
-27.4216
-85.0496
1.97276
-50.856
104.514
-28.3877
74.3553
51.4461
7.5607
-44.8189
74.9253
-52.3636
24.2876
97.964
66.841
42.7297
3.11129
125.427
-120.094
76.0364
125.047
-60.3219
-14.0097
-85.1971
-51.7506
-18.6839
25.0641
-21.8627
-40.7971
-7.6251
77.2746
56.5444
3.32457
-55.8824
-70.0696
-16.7043
12.8163
7.07527
-55.5486
-96.6288
45.6195
-1.14804
37.2616
34.5282
80.1353
-29.8957
8.10206
-102.218
14.5134
93.5598
51.2746
-84.6148
-4.70952
6.5039
-21.4288
74.6816
-14.3318
33.1535
-21.8088
-69.1633
45.2684
108.094
-13.1945
47.3917
-32.4512
35.5594
80.3007
32.6904
6.8795
-142.647
-32.7754
-31.9766
32.7652
8.62564
-1.40735
62.179
14.8512
1.43738
-5.31846
55.7892
65.7406
-28.367
8.82758
-24.7356
-20.3446
67.1756
-4.72426
53.6227
17.1253
10.1017
18.9653
48.3928
27.5785
110.297
-39.0148
3.5263
-5.33501
31.4584
-143.031
37.7992
-24.0665
-76.5359
49.4424
46.8337
-0.911023
1.5173
53.5537
-16.5938
-11.9631
-54.6337
41.485
-5.22764
-35.9671
-26.1981
21.9225
-61.887
-3.04666
37.9379
-59.5361
79.1347
0.174504
-83.4217
-5.12286
-67.5032
76.5751
21.3238
106.02
-3.03199
1.16325
-5.46728
34.4196
65.3941
-28.7323
-4.08353
-32.8824
45.576
119.56
11.5587
-43.3939
-40.4112
32.5361
91.6195
-150.222
52.3622
34.7148
36.5694
108.587
102.658
22.2905
-130.829
-72.1402
26.3987
68.6671
-42.3442
14.9546
32.5736
-60.6451
46.0317
87.5955
63.3495
-13.4737
-31.4229
5.27462
39.7016
18.6282
-13.9871
2.22793
45.9301
-42.831
28.8598
-31.8182
-5.49839
-152.674
110.071
-4.44062
46.4206
-7.52095
19.6674
41.8306
-1.84807
-24.3157
-36.9932
-30.058
19.4886
-36.9996
-99.1517
-31.4581
54.8928
-59.9934
48.4016
-101.356
-37.8821
39.7323
-23.2035
-27.5347
-7.6897
-71.7296
-23.9512
55.0108
137.791
-45.5118
-141.784
-104.854
2.84997
-108.074
58.7102
-70.8478
-42.9861
61.8227
-69.113
-69.2179
-99.1483
-40.0703
6.57251
-8.63081
22.7879
35.3833
90.7909
82.4942
-13.5665
76.9992
-33.6873
2.72507
-87.2423
-46.1984
-13.5126
-78.7629
-28.2025
44.1085
-80.5727
10.5791
30.8201
-6.29457
-22.9452
-6.90209
-23.8596
-64.5985
32.1831
58.3754
-108.216
-27.3084
-36.6391
77.3479
-29.3454
-82.4755
35.014
52.4901
41.7592
-39.1054
34.025
-6.71685
7.40047
24.7645
3.45711
-9.3508
24.6544
8.95812
18.6972
66.3769
-71.7494
-29.9081
-59.9503
-8.6954
-32.7136
-114.119
2.10278
25.1563
-138.296
87.58
55.1277
70.4853
-8.32885
-75.5204
37.5599
-104.294
11.5291
16.3125
39.9427
-0.952464
-58.0675
59.2416
-17.6219
-123.38
-87.385
40.8495
49.6408
-3.50339
5.27747
-78.5882
141.692
41.4724
-86.0868
44.2122
2.48902
63.4
76.8408
-2.48091
67.6683
95.0867
10.5168
-62.9499
-47.2662
23.879
57.0089
2.05939
-54.7986
-51.0683
48.2264
8.24284
0.867263
212.199
31.7532
85.6057
-46.6317
-126.903
116.463
39.8195
43.463
39.1193
8.59995
-5.28697
30.3982
7.42354
6.7426
-89.4524
-54.4362
114.546
-42.9126
-120.881
32.0185
38.5565
-38.0907
-4.67108
15.9976
-9.48739
14.9327
-5.9959
-36.1847
-8.10369
40.2306
-12.6547
-91.8767
-30.3919
41.3337
135.237
-43.663
49.6763
-23.7333
-54.6268
-84.4167
-44.4179
-18.4565
-40.9102
-44.0472
-54.0939
-33.3942
79.6813
16.9455
-2.05134
-94.7126
-89.9084
-7.60377
4.7743
-35.5539
72.683
-14.9795
30.008
34.0293
-14.0756
57.0581
77.1616
62.3963
30.6328
-111.752
-24.8771
-43.3458
2.30601
85.954
-91.9766
-20.8599
102.4
-14.1275
-88.5902
97.1682
6.87596
-4.15655
48.629
-112.422
-43.2197
49.8191
-13.4091
76.8455
69.6331
-8.43631
-73.0944
21.8722
75.3803
94.5403
37.8668
-37.0425
-27.2371
66.4576
-5.61763
0.5178
30.738
66.4141
-15.1394
-75.5036
32.2338
-4.5892
32.2819
21.6545
52.3922
61.8766
12.3343
-83.8213
14.1759
-98.8666
-30.1244
-34.5891
-8.98977
-39.3656
-61.8322
111.107
24.8379
10.5837
104.835
-40.2885
-74.1429
48.2061
127.85
-30.3889
-32.6494
-75.1665
-34.4826
-12.9623
76.3151
-56.3823
-49.9985
-1.64211
16.7942
-36.6835
-6.52139
-9.33792
84.7513
32.8678
-111.971
41.9481
27.0013
-76.2307
-83.0145
79.5715
42.1445
131.756
49.9409
77.7833
69.2678
-29.5811
-61.3525
32.5609
-5.13879
114.734
-108.968
48.1643
11.9055
50.4067
7.10129
5.47177
-1.17158
110.38
43.4605
58.7391
48.7269
-74.2378
42.5954
125.38
6.07438
-97.2036
-64.6184
-64.6189
-61.3944
-7.21613
-91.1941
9.8459
32.6053
86.178
87.245
100.918
-21.9556
-3.50408
4.42138
43.1489
28.4416
80.8821
-1.71574
-132.958
79.2052
-51.8843
-51.7683
21.0359
98.3551
46.0192
-16.3986
52.5415
-2.84835
-45.5283
-7.02197
6.41853
1.01481
-17.7659
18.1664
-78.0819
-14.7329
-25.0144
-12.8771
-17.5581
4.74749
73.071
5.88633
-2.15849
-88.7881
-60.4605
-68.2215
8.36568
-20.864
-49.0983
-0.653553
-30.3323
-59.8031
-91.0321
5.9666
-20.3661
-44.779
39.5501
-13.3915
32.7658
30.6811
85.25
126.525
104.257
-52.3789
-71.9357
3.11894
-60.3079
3.20127
-110.912
57.5982
-49.6459
-103.009
59.971
99.9014
-55.8169
4.25025
65.9394
68.4027
92.7347
30.3671
-46.9888
68.1502
-12.3209
40.2951
0.147924
21.3357
-5.27246
-26.5906
-52.5942
-47.961
128.388
-36.0331
-31.0447
25.1916
-32.2277
74.4196
10.1604
-74.819
-13.1129
8.03283
-116.628
-46.7445
30.1123
-76.2205
33.9908
-47.7627
16.0625
-57.8778
18.4498
-56.2804
-21.5657
65.6624
-51.6616
-93.0053
-33.8069
20.6384
-55.565
-93.1056
43.4959
6.818
8.83322
22.2912
64.4507
76.5529
-9.2252
47.2897
-29.6325
66.7697
-33.3636
-18.0852
-62.533
8.42563
70.1249
65.6885
42.9359
-7.87495
52.0597
-34.125
66.8105
0.0378538
-62.2218
36.3224
-35.5793
65.973
70.0431
68.3517
1.71831
20.5154
-31.6598
-14.9083
74.4217
46.3615
-2.33224
-48.0978
27.7078
61.2247
12.5684
45.8896
46.1808
-62.1461
-13.5887
-26.7219
-38.5534
-103.266
28.372
33.7849
28.6448
77.4624
81.2486
-17.5869
81.1753
48.5614
2.68962
-49.4439
-22.9507
76.1013
-78.0623
34.9532
-5.61514
33.3799
35.3998
11.1477
128.561
-99.422
-39.0522
56.6592
13.7403
-5.00434
30.1022
19.993
54.3959
-4.40586
-55.3349
-73.9809
-46.7426
-29.9228
-61.2171
41.6704
20.7989
-38.0518
-50.9168
-13.4468
47.1072
16.9366
53.4777
-13.4469
-66.1241
-46.739
20.3053
47.646
83.3205
110.129
20.8705
-107.826
48.547
-3.12284
21.6028
-57.8812
13.6638
46.7195
-14.0501
-43.0287
-74.2176
-66.0817
-39.7208
-0.359006
14.9857
17.7672
-8.92457
-7.96367
28.1859
-103.587
-39.5073
-77.6339
-76.7758
1.32621
-43.8714
-49.7773
-44.2572
48.3675
-57.2921
40.2696
86.6339
5.88125
-60.7031
83.3848
60.5165
33.7277
-88.9917
-5.72416
-61.0056
-59.7526
3.8652
39.2089
57.6673
23.2486
105.975
-75.2655
9.84079
44.5813
-2.60474
18.1434
10.0602
-41.7488
-85.595
-38.353
-124.912
65.3437
1.09066
-14.7542
-26.2472
8.56071
27.1709
-8.79473
-45.0796
52.6272
-39.9947
-0.835935
88.1852
-0.877608
55.9016
-50.1082
-1.32451
-68.1183
44.9569
120.981
38.7075
-7.33362
-25.6412
19.2876
57.3556
7.85493
-32.3385
-39.6394
69.3792
-85.5909
8.23653
74.1717
100.856
30.5936
117.054
-27.8208
50.6384
79.4946
-10.6474
77.0313
-39.6868
-62.0463
13.9401
89.051
-69.5227
32.4713
18.172
-11.0407
45.9652
-27.4087
-27.3596
103.398
37.2317
68.8869
-30.4814
-77.0819
-16.1547
49.7468
-0.446015
13.3571
40.474
77.8189
-94.5431
-11.2973
39.6239
40.8467
-100.775
2.03466
84.1573
-35.0769
5.17296
92.3583
36.9891
24.2811
104.89
28.3528
53.5218
-104.493
-22.8329
-13.8219
18.6439
-38.7707
-86.1641
48.3261
-10.4853
-58.2645
18.9909
68.2546
-35.2667
-18.1189
1.72673
-60.3372
47.6815
-40.1728
-31.4865
-97.1754
-70.6301
2.2301
-58.1478
19.3555
-78.739
-43.7435
184.586
-112.023
-66.5152
16.6577
-14.8212
59.7602
17.7253
-47.4608
41.6119
1.98096
-39.5716
-49.2486
-24.4806
-18.6541
-47.7287
117.632
89.9462
-18.8301
93.7943
-51.8402
-17.8889
-27.8609
46.2818
13.5577
5.71638
-29.3084
127.622
16.119
33.1397
-10.9846
3.93021
-16.2907
49.8672
-7.21196
34.9058
-98.9535
-36.7576
25.2557
-39.1915
-125.908
-55.8766
-48.0352
-47.4995
-30.7455
-109.682
66.9915
99.1137
123.268
-83.9389
15.4336
-107.26
-82.2277
-77.5871
-14.593
41.6385
-63.7501
-145.787
97.4059
-117.195
44.2886
-94.2241
24.9391
91.0026
-69.8675
-23.4454
-50.2074
27.6596
20.3495
-30.0094
-53.9393
-71.105
-17.4565
-116.28
61.2767
6.81745
-29.2943
16.3961
-105.367
-7.61911
-69.803
-86.6608
9.14177
18.5258
50.0555
-64.6867
36.571
25.628
-13.0852
8.0889
-15.9065
-69.549
34.756
17.6463
17.4679
7.3938
33.5404
32.2987
-75.7292
71.5288
-49.9664
43.1951
-12.5157
46.1572
5.66927
2.88104
97.9637
-35.1475
-18.2076
-42.329
-27.8578
73.1775
69.2854
-10.7305
0.790018
19.3367
-73.9436
153.637
-18.6162
36.4218
-37.0932
-82.6165
-94.5273
5.89776
34.1193
-47.6951
-32.8815
-64.0947
-113.87
49.836
50.7318
23.356
-61.2212
-2.17613
52.3162
-11.5332
0.190941
-63.2318
66.8348
-32.6479
17.8111
-0.493066
13.8271
20.9336
46.4209
-40.3126
-15.334
12.8863
65.0295
52.3349
-31.0585
-22.7247
1.04905
-5.61026
-102.083
62.8991
-86.9467
-22.6583
-6.12278
-65.5585
58.2071
-5.99643
11.9052
-51.9516
50.6538
-76.0888
137.553
65.2591
-79.0795
5.62994
5.17005
16.3175
-120.669
32.2627
105.671
-9.70279
30.3853
35.8569
-10.1639
32.1972
-54.7412
-18.4563
77.8769
99.0284
-29.8508
-67.4155
-4.71794
52.0311
-46.0861
15.4047
-75.3506
-70.1377
-14.4342
-32.8815
-24.151
-83.8284
21.7659
54.612
-133.451
-25.7066
-149.872
4.15486
73.1258
49.0321
85.9731
-64.2194
-70.0361
34.627
-38.4256
-81.6322
6.67352
-30.263
-93.04
38.4775
-30.3499
3.33999
0.886945
-99.0935
95.1378
25.636
-122.876
128.248
-71.9514
-44.0428
27.3585
-36.5572
-13.212
-123.366
-19.9776
-1.50386
-13.73
16.3331
31.3458
-54.8717
139.382
85.3208
19.7562
-67.0796
-98.6938
-43.9131
-161.022
32.194
15.2316
-48.895
-35.8012
2.57179
-3.27844
-0.679106
-43.3806
-70.294
-45.6208
116.083
-26.5084
-33.8277
-146.558
48.7543
35.2547
-66.1918
-3.05065
-1.00915
-15.8003
10.6262
-60.5046
-35.2124
32.9294
49.8711
-0.326501
-58.5129
14.1614
69.2963
-59.9823
-96.8002
18.0378
65.9535
131.242
116.201
38.881
-9.33774
-13.6878
75.9813
-29.0337
0.807194
32.1867
54.2254
-33.7697
34.9033
-64.3474
22.8023
-90.3252
-179.651
81.3729
101.433
-4.72585
-7.08845
-96.0623
6.10287
47.6312
0.0404968
-135.616
-7.77543
35.4066
-30.5381
-11.341
-26.1788
-13.2819
11.6292
32.7596
76.8744
-29.2636
16.2835
86.2662
65.9719
-72.6662
25.7797
65.4701
-64.6774
13.7793
48.3486
-35.3979
83.568
44.6831
-64.0104
53.1304
-35.6339
-94.6908
-49.6605
57.2823
5.40612
-55.5926
8.43528
30.8819
-37.5759
0.682696
3.32071
19.0177
-88.5621
142.561
4.80684
-34.0104
-129.62
-24.9135
25.1866
-108.694
102.99
-53.2482
69.6945
-45.8908
-51.5202
52.8661
76.1955
-52.7704
-35.1125
44.1123
23.8045
-68.1049
38.7675
-58.7882
27.3096
-95.8031
64.8453
-13.8164
-13.9216
36.3061
93.1716
-10.6273
88.6016
11.3768
-8.74527
-52.0445
-66.6491
81.3582
-7.02518
38.3158
22.4552
15.5433
-11.5123
-2.08715
-53.463
-44.5949
22.5892
93.4774
30.2462
52.505
52.2792
-18.3125
-11.6698
-35.1885
-92.1853
-14.3257
59.6381
74.8639
-49.2499
-53.1822
43.2649
-59.3518
16.7786
-31.0581
39.0067
15.3396
-39.1996
-65.9215
-69.9064
14.3401
25.1263
50.9221
-65.6915
-0.816132
45.6851
-1.02736
-3.8417
19.0999
-104.181
-50.0245
-77.8237
2.88827
29.2436
-6.37226
-108.139
-37.892
30.8515
20.2482
-44.5278
20.6383
78.8688
72.4454
-33.4945
-16.8735
-7.64218
29.557
13.0439
-8.41871
49.2076
52.5938
8.53979
13.5088
-52.1393
-94.3429
-16.4391
-34.664
15.5374
74.062
-34.9949
86.7727
-28.74
-0.346524
-40.8111
65.2366
-27.3682
27.0287
-65.5371
-29.1987
-32.4805
-31.3284
-39.5361
-60.1502
71.0034
13.3776
78.533
35.217
72.9474
7.69335
9.40605
-101.044
19.0323
-85.1332
-16.0308
54.9644
-68.7869
2.44144
1.72034
-3.15223
38.3754
43.0641
7.9094
74.2284
-66.5338
-55.6315
-10.8751
-15.8646
14.7251
-32.024
1.8755
36.2476
-29.6356
121.159
-59.8399
1.95816
-14.5805
-22.6828
69.1092
-15.5522
85.7925
-68.0398
70.4136
-71.5521
-87.1533
-11.2366
111.555
-5.31594
-15.4501
43.045
28.3499
-73.3897
18.7341
-20.2331
5.71121
8.40427
9.09974
-44.9917
-49.3133
94.4657
-16.5948
8.76574
74.1538
-6.29037
-4.1343
70.5117
60.3488
-62.4173
23.7737
-60.3174
39.5888
28.8323
0.633764
-81.7453
-9.88387
60.7627
-17.8186
14.9517
-61.0228
-78.4748
47.4256
41.2028
-11.1072
6.17121
-59.7676
-6.56387
-20.3206
-21.8405
86.411
-3.75136
-95.2627
17.0455
19.0967
-89.5751
44.2391
8.19288
90.1883
4.32629
-3.25275
-31.4563
71.4588
77.1874
55.6265
-25.1863
-58.5033
14.0922
54.6683
32.5765
-156.744
1.87547
-66.5582
-36.0883
-15.444
41.3192
10.5916
17.5437
57.4332
-42.3653
-23.1956
-54.3228
-27.5224
-58.025
53.575
18.0527
56.2515
15.104
-56.5039
44.7764
46.0873
-111.624
-48.0644
-121.353
45.1767
17.3587
58.6291
45.3809
-1.92465
13.9095
9.25355
-16.1439
60.0785
4.12593
-61.5952
20.9558
-50.6484
-126.519
-30.3872
22.4248
7.87977
-44.1919
-39.1687
22.6977
45.5916
-52.5853
43.8929
-34.3132
34.8768
-15.347
37.0585
-16.4518
-55.0083
20.7933
91.2238
-72.637
40.4532
-5.28417
18.4818
105.059
24.3871
-89.2773
10.1974
69.9723
-47.7786
79.4282
-31.8273
-43.4443
22.7418
84.2519
-66.3295
-15.4343
0.451129
-57.904
-14.5565
-87.526
-33.222
-57.7277
-16.6574
-79.222
5.2484
65.1074
-34.0762
-15.1819
-33.7339
-26.0732
90.6085
-8.26336
-74.5155
-47.8457
74.0198
-28.2155
-25.6573
-66.449
44.9026
-27.3795
-66.0957
-71.6416
20.264
-52.7837
1.84142
-51.1039
-7.78707
29.4931
26.4626
56.2141
-81.52
124.243
-16.9484
-19.9478
32.2562
30.9772
-5.84471
-31.7212
141.586
107.084
54.1073
-35.6153
28.1311
81.3478
-61.8978
53.1609
60.673
47.3463
41.819
72.3396
33.7712
43.0111
-36.5835
-57.1611
-94.8298
0.403017
-72.7345
15.887
-17.2343
-9.55251
-63.83
-19.4399
38.7411
64.8581
-56.3597
64.7966
12.6218
-59.4102
-40.781
-55.989
-43.3762
-14.0405
33.7925
-25.9875
86.2986
-68.1394
-7.11383
-13.9707
73.0661
-4.48182
-7.47126
-133.088
34.2706
-44.3464
65.3319
20.0451
-28.7575
42.959
-56.8477
-0.493357
-69.1655
-50.1634
137.809
9.06372
-90.1038
-47.1127
27.019
-54.033
139.387
-3.69794
-69.6536
-27.9438
-109.569
40.6907
-33.7451
91.6487
-24.5955
-25.6984
73.3014
84.7832
20.4847
-29.575
-118.222
36.3867
56.2234
-62.1125
-29.7505
-91.887
-123.462
-69.5824
-3.57634
68.5239
31.0617
-75.8281
-56.6315
-31.4418
-26.0907
-16.3101
-64.5355
77.0582
-83.1099
147.676
-68.0153
74.7705
-102.897
-101.251
-32.5373
-10.4321
49.2486
15.0206
52.9213
53.8206
-2.03375
35.8327
-85.7103
29.895
-92.7282
21.1228
-22.3825
-34.274
-20.9872
49.0299
-69.108
-69.4097
81.193
53.6929
5.06246
4.62555
66.2634
-54.5024
-88.4063
25.5264
-26.8521
7.92849
-43.5369
104.3
-9.55679
102.646
-92.275
-40.1356
-40.2353
-96.9124
-124.032
-7.6474
79.3253
120.178
-15.2112
-101.453
-43.7997
-34.1218
-26.2113
47.9283
-26.8419
36.0362
58.8407
-7.30486
34.3111
-4.60576
2.42985
-27.1227
-20.6352
14.0455
-22.5849
47.3805
-71.8682
97.5622
-9.2235
13.4544
-147.256
-22.3817
53.6116
-52.1034
15.0697
91.7921
36.0248
44.2805
-48.7577
74.3535
-63.5931
36.583
11.4972
-16.3131
-61.3828
-10.8523
-79.447
42.0741
-87.0794
40.4568
72.8321
-38.5027
99.1993
-107.967
-38.6167
-8.62894
115.967
70.6966
-46.7109
-4.37083
-42.1244
97.7078
-111.542
51.5354
19.0749
43.9521
-21.7112
32.4808
-5.04312
33.7241
-35.6897
13.9369
84.0133
4.8066
-22.0255
-62.1516
-15.9455
36.5736
-20.8606
-6.38006
-120.083
35.7238
109.389
67.6309
-139.492
-12.6073
24.012
27.3753
58.6037
-47.1582
23.636
40.2396
-44.9633
-27.1537
-27.2382
-44.8944
67.7018
-15.3613
91.4081
-142.633
-20.6443
26.2401
-90.1689
-68.1891
-1.65546
62.7939
36.8512
-9.56506
-48.4179
51.8652
61.6832
58.3848
-62.9457
114.934
2.7711
-55.2363
-36.9074
102.433
-10.37
6.61117
72.9379
75.3243
-72.6286
-9.1826
-2.60828
43.3991
3.04625
16.3638
9.21091
-12.1683
21.5956
59.6995
-0.297514
50.1388
4.07934
43.5251
-83.0717
-81.2684
-17.3137
-67.6451
-66.6454
-19.0239
-24.4276
142.274
-42.0427
49.1196
-20.8206
-43.6997
21.5509
30.2934
-43.2406
77.5288
-14.3139
-35.4386
79.2014
-14.2389
21.2557
38.5437
-13.6272
-34.8932
23.2178
-44.2292
30.2033
21.7758
-57.8513
-30.2009
-57.3694
132.988
-83.1021
-70.1335
-53.4785
70.6101
-70.6759
-12.4707
-68.705
-42.4066
-18.7587
-17.613
-8.25705
-27.2355
-115.34
45.5932
-13.0775
-15.4596
9.90656
108.225
-44.8932
62.2159
-4.09097
42.3801
-0.75273
71.7917
133.747
27.0471
-8.95535
-105.135
-60.5956
46.4599
33.0124
37.6858
48.0663
38.2565
-62.4644
48.7813
58.622
21.3302
-111.087
19.1992
56.2155
15.8332
-137.754
-26.4675
70.7789
44.0277
38.3035
46.6924
9.4918
43.1264
-23.2848
-115.725
90.5711
-76.3106
58.4298
36.616
-101.561
82.2351
35.119
14.8862
36.1124
34.4712
-111.373
105.564
11.2293
38.3737
-89.2195
6.65064
-23.4701
-12.1525
-24.9239
-44.5404
-35.0061
64.7191
-56.5169
13.243
-41.4967
3.15823
-10.119
43.8117
4.27129
5.49005
-21.8419
-15.97
12.2507
-48.9438
-54.6473
-36.2837
-97.3621
-57.5399
-106.123
26.4873
-15.9805
80.6721
10.8091
-22.7137
-55.2775
15.1358
16.5504
40.4954
4.98112
-112.095
-26.9373
103.086
-31.1411
-135.143
-48.0795
-42.8996
-18.2833
13.7151
-3.9707
102.984
-11.0659
-5.42621
22.3777
7.38319
-121.187
45.0364
-80.1219
81.4111
-68.2151
-0.00361361
-52.8467
-52.3554
50.1606
47.0401
88.8503
31.4353
27.6871
26.0247
-18.1759
127.507
-9.29144
56.4842
-9.60444
19.5332
30.7332
-0.80706
-89.9583
-45.0902
-13.9484
-0.0268052
37.8186
67.3652
-37.4836
-0.88445
33.6092
46.0732
-80.505
31.0278
74.4238
47.3197
-75.8631
81.0574
50.3351
1.62434
-33.2689
16.6969
-134.059
-18.3004
-111.5
-39.2685
68.0726
72.6728
-57.8559
43.4527
24.9267
48.097
-2.57167
-75.9225
-2.23119
-24.2076
51.2011
-28.4409
-10.5847
-44.8242
34.8017
66.9366
-40.4159
-61.0272
-24.0825
54.9238
8.34585
-11.3611
-49.7489
-95.139
47.4767
-77.5455
21.2264
77.0452
-38.5953
-65.2964
-122.709
-20.7746
44.0544
-77.8771
-2.4778
-24.5674
-96.683
-4.1711
134.685
90.4309
-10.0413
61.4647
111.01
19.3787
26.2755
-91.7603
19.0458
55.8257
31.4901
21.2069
-28.5608
40.4464
-54.1726
67.7394
93.5503
102.814
47.6669
-3.67642
-48.447
-35.6616
52.4009
-120.069
81.9117
51.0979
2.44786
-30.0203
-40.0363
-6.0914
22.144
46.5099
-23.8855
61.8427
131.021
-96.9453
-73.8338
-71.5052
-76.2295
121.52
9.08984
-15.4802
41.8701
-23.9205
-4.86118
-3.35191
49.327
-83.0686
9.28197
-1.09114
86.9853
-34.2058
-15.5996
45.5463
-9.9787
6.62022
27.1302
-116.439
22.1064
51.6052
78.677
-51.9896
66.6707
5.94896
-43.0077
-30.1412
-36.2274
64.9917
-25.1682
-7.53269
-85.1429
-49.1711
12.3849
-43.999
-28.9191
52.5291
-108.386
-72.7565
-1.79604
-53.3523
25.0878
35.5092
-40.8728
-32.2521
80.1369
86.1725
5.35144
-41.6607
-112.245
73.3998
-48.6629
10.8248
-27.8697
-44.494
2.85909
-5.20953
-40.1511
-48.2301
-11.74
60.9358
-26.1163
35.5948
28.6371
-100.162
-37.3166
84.8542
42.4284
3.58829
21.6579
-61.5335
-61.6837
1.50232
-9.45387
21.9763
5.14372
-7.14816
-103.317
-4.60217
22.9482
37.4663
-22.9908
12.972
18.7223
-13.6084
53.8335
-60.7774
20.8785
72.9728
68.2855
35.6816
-11.1503
-14.9359
29.5154
32.6567
3.65356
60.2235
9.19062
6.50944
-49.0414
99.7674
59.6915
0.853412
-52.9053
-42.8602
19.1148
-42.4216
-107.314
-59.5543
-52.9915
66.4248
27.0209
-44.7941
55.3058
2.76662
-14.3838
57.0476
19.724
56.9263
-24.1281
10.3873
99.6535
-91.437
82.9632
-33.3682
-52.0671
-21.9136
116.985
-31.9693
-12.1855
35.714
62.1038
44.5713
24.0622
23.2077
162.188
-68.7829
31.3285
11.2961
