1	2.0676e+06	0.0220971
2	2.06552e+06	1470.24
3	2.0676e+06	1959.55
4	2.06994e+06	2501.55
5	2.06596e+06	4087.6
6	2.06926e+06	4551.86
7	2.0674e+06	4264.82
8	2.06929e+06	4126.96
9	2.06908e+06	3673.74
10	2.06843e+06	3363.04
11	2.06899e+06	3103.83
12	2.06857e+06	2873.01
13	2.06795e+06	2719.09
14	2.06855e+06	2590.43
15	2.06713e+06	2779.05
16	2.06821e+06	2807.99
17	2.06846e+06	2653.69
18	2.0676e+06	2641.71
19	2.06825e+06	2580.63
20	2.06879e+06	2507.4
21	2.06848e+06	2407.23
22	2.06824e+06	2309.53
23	2.06784e+06	2242.77
24	2.0681e+06	2164.03
25	2.06839e+06	2097.05
26	2.06816e+06	2029.11
27	2.06819e+06	1954.22
28	2.06843e+06	1899.24
29	2.0686e+06	1841.04
30	2.06865e+06	1780.21
31	2.06793e+06	1860.16
32	2.06801e+06	1803.48
33	2.0673e+06	1883.77
34	2.06654e+06	1975.22
35	2.06635e+06	1927.36
36	2.06665e+06	1896.46
37	2.06678e+06	1849.9
38	2.06709e+06	1826.56
39	2.06708e+06	1779.74
40	2.06736e+06	1756.73
41	2.06743e+06	1715.4
42	2.06731e+06	1678.68
43	2.06764e+06	1671.15
44	2.06744e+06	1645.41
45	2.06714e+06	1634.83
46	2.06728e+06	1604.73
47	2.06713e+06	1577.21
48	2.06683e+06	1573.57
49	2.06666e+06	1549.65
50	2.06645e+06	1533.48
