1	-6.87704e-22	0
2	-6.8344e-22	3.01476e-24
3	-6.81392e-22	2.61443e-24
4	-6.82708e-22	2.26783e-24
5	-6.83547e-22	1.96334e-24
6	-6.83868e-22	1.66218e-24
7	-6.84429e-22	1.51627e-24
8	-6.8438e-22	1.32752e-24
9	-6.85441e-22	1.54728e-24
10	-6.85702e-22	1.41438e-24
11	-6.85605e-22	1.28913e-24
12	-6.85646e-22	1.18234e-24
13	-6.85218e-22	1.16605e-24
14	-6.85249e-22	1.08316e-24
15	-6.85688e-22	1.09628e-24
16	-6.85793e-22	1.0328e-24
17	-6.8548e-22	1.01848e-24
18	-6.85832e-22	1.02102e-24
19	-6.85493e-22	1.02205e-24
20	-6.85423e-22	9.73338e-25
21	-6.85798e-22	9.96615e-25
22	-6.85739e-22	9.53047e-25
23	-6.85628e-22	9.18093e-25
24	-6.85767e-22	8.90292e-25
25	-6.85752e-22	8.5481e-25
26	-6.8575e-22	8.21935e-25
27	-6.85573e-22	8.10304e-25
28	-6.85576e-22	7.81374e-25
29	-6.85728e-22	7.68999e-25
30	-6.85834e-22	7.50664e-25
31	-6.85864e-22	7.27019e-25
32	-6.86132e-22	7.52093e-25
33	-6.85949e-22	7.51179e-25
34	-6.86058e-22	7.36997e-25
35	-6.86136e-22	7.19986e-25
36	-6.86178e-22	7.01247e-25
37	-6.85998e-22	7.05177e-25
38	-6.85929e-22	6.89927e-25
39	-6.85847e-22	6.77087e-25
40	-6.85543e-22	7.252e-25
41	-6.85542e-22	7.07513e-25
42	-6.85648e-22	6.98513e-25
43	-6.85639e-22	6.82328e-25
44	-6.85765e-22	6.7835e-25
45	-6.8588e-22	6.73041e-25
46	-6.85931e-22	6.60356e-25
47	-6.86009e-22	6.50847e-25
48	-6.86069e-22	6.40051e-25
49	-6.86026e-22	6.28402e-25
50	-6.85966e-22	6.18721e-25
