1.09876e-11	0	0
3.29629e-11	0	0
5.49381e-11	0	0
7.69133e-11	0	0
9.88886e-11	0	0
1.20864e-10	0	0
1.42839e-10	0	0
1.64814e-10	0	0
1.86789e-10	0	0
2.08765e-10	0	0
2.3074e-10	0	0
2.52715e-10	0	0
2.7469e-10	0	0
2.96666e-10	0.000957892	9.94606e-05
3.18641e-10	0.147854	0.00118777
3.40616e-10	1.06421	0.0031677
3.62591e-10	2.03891	0.00614204
3.84567e-10	2.26696	0.00499308
4.06542e-10	2.08729	0.00527768
4.28517e-10	1.83138	0.00350057
4.50492e-10	1.61505	0.00304694
4.72468e-10	1.45134	0.00249963
4.94443e-10	1.33777	0.00247318
5.16418e-10	1.2462	0.0026929
5.38393e-10	1.18853	0.00229266
5.60368e-10	1.13978	0.00247306
5.82344e-10	1.11493	0.00250351
6.04319e-10	1.08817	0.00163764
6.26294e-10	1.07272	0.00217836
6.48269e-10	1.06501	0.00161795
6.70245e-10	1.05864	0.0018791
6.9222e-10	1.05737	0.00173545
7.14195e-10	1.0532	0.00155473
7.3617e-10	1.0527	0.00147408
7.58146e-10	1.04631	0.00102906
7.80121e-10	1.04264	0.00157724
8.02096e-10	1.03764	0.00146062
8.24071e-10	1.03099	0.00125926
8.46047e-10	1.02726	0.00135109
8.68022e-10	1.02244	0.00147827
8.89997e-10	1.01669	0.00113814
9.11972e-10	1.01313	0.00128906
9.33947e-10	1.00927	0.00132223
9.55923e-10	1.00527	0.00123136
9.77898e-10	1.00419	0.00113599
9.99873e-10	1.00297	0.00113903
1.02185e-09	1.00186	0.00103049
1.04382e-09	0.998266	0.00115808
1.0658e-09	0.999071	0.00103223
1.08777e-09	0.998564	0.000945928
1.10975e-09	0.997493	0.000927998
1.13172e-09	0.995917	0.000973861
1.1537e-09	0.993709	0.000956303
1.17568e-09	0.992431	0.000941059
1.19765e-09	0.992435	0.00107707
1.21963e-09	0.992239	0.000799504
1.2416e-09	0.99154	0.000900281
1.26358e-09	0.991668	0.000961712
1.28555e-09	0.99045	0.000774791
1.30753e-09	0.990354	0.000856068
1.3295e-09	0.989002	0.000853819
1.35148e-09	0.988779	0.000695239
1.37345e-09	0.988493	0.000823313
1.39543e-09	0.988237	0.000753174
1.4174e-09	0.989077	0.000661024
1.43938e-09	0.988254	0.000745154
1.46135e-09	0.987943	0.000633021
1.48333e-09	0.987501	0.000647275
1.5053e-09	0.987082	0.000678408
1.52728e-09	0.987547	0.000637833
1.54925e-09	0.987319	0.000612937
1.57123e-09	0.98826	0.000407242
1.5932e-09	0.988549	0.000642053
1.61518e-09	0.986984	0.000534574
1.63715e-09	0.986394	0.000482681
1.65913e-09	0.987145	0.000573404
1.68111e-09	0.987424	0.000669199
1.70308e-09	0.986023	0.000517776
1.72506e-09	0.986685	0.000562341
1.74703e-09	0.984752	0.000604153
1.76901e-09	0.986147	0.000546382
1.79098e-09	0.986	0.000585822
1.81296e-09	0.986384	0.000560947
1.83493e-09	0.986692	0.000472268
1.85691e-09	0.985869	0.000491922
1.87888e-09	0.985539	0.000565809
1.90086e-09	0.986413	0.000461882
1.92283e-09	0.986591	0.000478191
1.94481e-09	0.986546	0.000575079
1.96678e-09	0.986328	0.000515293
1.98876e-09	0.986515	0.00040438
2.01073e-09	0.985826	0.000485638
2.03271e-09	0.985321	0.000501024
2.05468e-09	0.985647	0.00049436
2.07666e-09	0.985116	0.000449579
2.09863e-09	0.986326	0.000436732
2.12061e-09	0.986206	0.000442944
2.14259e-09	0.985499	0.000489611
2.16456e-09	0.985984	0.000416268
2.18654e-09	0.986423	0.000392471
