1	2.30283e+06	-nan
2	2.30052e+06	1637.51
3	2.30283e+06	2182.49
4	2.30544e+06	2786.15
5	2.301e+06	4552.64
6	2.30468e+06	5069.73
7	2.30261e+06	4750.03
8	2.30471e+06	4596.48
9	2.30447e+06	4091.7
10	2.30375e+06	3745.65
11	2.30438e+06	3456.95
12	2.30391e+06	3199.87
13	2.30322e+06	3028.44
14	2.30389e+06	2885.14
15	2.30231e+06	3095.22
16	2.30351e+06	3127.45
17	2.30379e+06	2955.6
18	2.30283e+06	2942.26
19	2.30355e+06	2874.22
20	2.30415e+06	2792.66
21	2.30381e+06	2681.1
22	2.30354e+06	2572.29
23	2.3031e+06	2497.92
24	2.30339e+06	2410.23
25	2.30371e+06	2335.63
26	2.30345e+06	2259.96
27	2.30349e+06	2176.55
28	2.30376e+06	2115.31
29	2.30394e+06	2050.5
30	2.30399e+06	1982.74
31	2.3032e+06	2071.79
32	2.30328e+06	2008.67
33	2.30249e+06	2098.09
34	2.30164e+06	2199.94
35	2.30144e+06	2146.64
36	2.30177e+06	2112.22
37	2.30192e+06	2060.36
38	2.30226e+06	2034.36
39	2.30225e+06	1982.22
40	2.30256e+06	1956.59
41	2.30264e+06	1910.56
42	2.30251e+06	1869.66
43	2.30287e+06	1861.27
44	2.30265e+06	1832.61
45	2.30232e+06	1820.83
46	2.30247e+06	1787.3
47	2.30231e+06	1756.65
48	2.30197e+06	1752.59
49	2.30179e+06	1725.95
50	2.30155e+06	1707.94
