1	-9.39862e-22	0
2	-9.34035e-22	4.12017e-24
3	-9.31236e-22	3.57305e-24
4	-9.33034e-22	3.09937e-24
5	-9.34181e-22	2.68323e-24
6	-9.3462e-22	2.27164e-24
7	-9.35386e-22	2.07223e-24
8	-9.35319e-22	1.81428e-24
9	-9.3677e-22	2.11461e-24
10	-9.37126e-22	1.93299e-24
11	-9.36994e-22	1.76181e-24
12	-9.37049e-22	1.61587e-24
13	-9.36465e-22	1.5936e-24
14	-9.36507e-22	1.48032e-24
15	-9.37107e-22	1.49826e-24
16	-9.37251e-22	1.4115e-24
17	-9.36822e-22	1.39192e-24
18	-9.37304e-22	1.39539e-24
19	-9.3684e-22	1.39681e-24
20	-9.36745e-22	1.33023e-24
21	-9.37257e-22	1.36204e-24
22	-9.37177e-22	1.3025e-24
23	-9.37025e-22	1.25473e-24
24	-9.37215e-22	1.21673e-24
25	-9.37194e-22	1.16824e-24
26	-9.37191e-22	1.12331e-24
27	-9.36949e-22	1.10742e-24
28	-9.36955e-22	1.06788e-24
29	-9.37162e-22	1.05097e-24
30	-9.37307e-22	1.02591e-24
31	-9.37347e-22	9.93593e-25
32	-9.37713e-22	1.02786e-24
33	-9.37463e-22	1.02661e-24
34	-9.37613e-22	1.00723e-24
35	-9.37719e-22	9.8398e-25
36	-9.37777e-22	9.58372e-25
37	-9.3753e-22	9.63742e-25
38	-9.37436e-22	9.42901e-25
39	-9.37324e-22	9.25353e-25
40	-9.36909e-22	9.91107e-25
41	-9.36907e-22	9.66935e-25
42	-9.37052e-22	9.54635e-25
43	-9.3704e-22	9.32514e-25
44	-9.37212e-22	9.27079e-25
45	-9.3737e-22	9.19823e-25
46	-9.3744e-22	9.02486e-25
47	-9.37546e-22	8.8949e-25
48	-9.37628e-22	8.74737e-25
49	-9.37569e-22	8.58816e-25
50	-9.37487e-22	8.45586e-25
