1.17632e-11	0	0
3.52896e-11	0	0
5.88161e-11	0	0
8.23425e-11	0	0
1.05869e-10	0	0
1.29395e-10	0	0
1.52922e-10	0	0
1.76448e-10	0	0
1.99975e-10	0	0
2.23501e-10	0	0
2.47027e-10	0	0
2.70554e-10	0	0
2.9408e-10	0	0
3.17607e-10	0.000957892	9.94606e-05
3.41133e-10	0.147854	0.00118777
3.6466e-10	1.06421	0.0031677
3.88186e-10	2.03891	0.00614204
4.11712e-10	2.26696	0.00499308
4.35239e-10	2.08729	0.00527768
4.58765e-10	1.83138	0.00350057
4.82292e-10	1.61505	0.00304694
5.05818e-10	1.45134	0.00249963
5.29345e-10	1.33777	0.00247318
5.52871e-10	1.2462	0.0026929
5.76397e-10	1.18853	0.00229266
5.99924e-10	1.13978	0.00247306
6.2345e-10	1.11493	0.00250351
6.46977e-10	1.08817	0.00163764
6.70503e-10	1.07272	0.00217836
6.9403e-10	1.06501	0.00161795
7.17556e-10	1.05864	0.0018791
7.41082e-10	1.05737	0.00173545
7.64609e-10	1.0532	0.00155473
7.88135e-10	1.0527	0.00147408
8.11662e-10	1.04631	0.00102906
8.35188e-10	1.04264	0.00157724
8.58715e-10	1.03764	0.00146062
8.82241e-10	1.03099	0.00125926
9.05767e-10	1.02726	0.00135109
9.29294e-10	1.02244	0.00147827
9.5282e-10	1.01669	0.00113814
9.76347e-10	1.01313	0.00128906
9.99873e-10	1.00927	0.00132223
1.0234e-09	1.00527	0.00123136
1.04693e-09	1.00419	0.00113599
1.07045e-09	1.00297	0.00113903
1.09398e-09	1.00186	0.00103049
1.11751e-09	0.998266	0.00115808
1.14103e-09	0.999071	0.00103223
1.16456e-09	0.998564	0.000945928
1.18808e-09	0.997493	0.000927998
1.21161e-09	0.995917	0.000973861
1.23514e-09	0.993709	0.000956303
1.25866e-09	0.992431	0.000941059
1.28219e-09	0.992435	0.00107707
1.30572e-09	0.992239	0.000799504
1.32924e-09	0.99154	0.000900281
1.35277e-09	0.991668	0.000961712
1.3763e-09	0.99045	0.000774791
1.39982e-09	0.990354	0.000856068
1.42335e-09	0.989002	0.000853819
1.44688e-09	0.988779	0.000695239
1.4704e-09	0.988493	0.000823313
1.49393e-09	0.988237	0.000753174
1.51745e-09	0.989077	0.000661024
1.54098e-09	0.988254	0.000745154
1.56451e-09	0.987943	0.000633021
1.58803e-09	0.987501	0.000647275
1.61156e-09	0.987082	0.000678408
1.63509e-09	0.987547	0.000637833
1.65861e-09	0.987319	0.000612937
1.68214e-09	0.98826	0.000407242
1.70567e-09	0.988549	0.000642053
1.72919e-09	0.986984	0.000534574
1.75272e-09	0.986394	0.000482681
1.77625e-09	0.987145	0.000573404
1.79977e-09	0.987424	0.000669199
1.8233e-09	0.986023	0.000517776
1.84682e-09	0.986685	0.000562341
1.87035e-09	0.984752	0.000604153
1.89388e-09	0.986147	0.000546382
1.9174e-09	0.986	0.000585822
1.94093e-09	0.986384	0.000560947
1.96446e-09	0.986692	0.000472268
1.98798e-09	0.985869	0.000491922
2.01151e-09	0.985539	0.000565809
2.03504e-09	0.986413	0.000461882
2.05856e-09	0.986591	0.000478191
2.08209e-09	0.986546	0.000575079
2.10562e-09	0.986328	0.000515293
2.12914e-09	0.986515	0.00040438
2.15267e-09	0.985826	0.000485638
2.17619e-09	0.985321	0.000501024
2.19972e-09	0.985647	0.00049436
2.22325e-09	0.985116	0.000449579
2.24677e-09	0.986326	0.000436732
2.2703e-09	0.986206	0.000442944
2.29383e-09	0.985499	0.000489611
2.31735e-09	0.985984	0.000416268
2.34088e-09	0.986423	0.000392471
