1	0.0323165	0
1	0.0969496	0
1	0.161583	0
1	0.226216	0
1	0.290849	0
1	0.355482	0
1	0.420115	0
1	0.484748	0
1	0.549381	0
1	0.614014	0
1	0.678647	0
1	0.74328	0
1	0.807913	0
1	0.872546	0.004
1	0.937179	0.556
1	1.00181	4.855
1	1.06645	9.999
1	1.13108	13.021
1	1.19571	12.971
1	1.26034	13.006
1	1.32498	12.234
1	1.38961	12.393
1	1.45424	12.442
1	1.51888	12.591
1	1.58351	12.769
1	1.64814	13.645
1	1.71278	14.318
1	1.77741	15.192
1	1.84204	15.924
1	1.90667	17.094
1	1.97131	18.272
1	2.03594	19.361
1	2.10057	20.096
1	2.16521	21.694
1	2.22984	22.694
1	2.29447	24.28
1	2.35911	25.311
1	2.42374	26.681
1	2.48837	28.216
1	2.55301	28.934
1	2.61764	30.573
1	2.68227	32.063
1	2.7469	33.767
1	2.81154	34.643
1	2.87617	37.037
1	2.9408	38.261
1	3.00544	39.544
1	3.07007	41.198
1	3.1347	43.371
1	3.19934	44.79
1	3.26397	46.802
1	3.3286	48.119
1	3.39323	49.818
1	3.45787	51.803
1	3.5225	53.959
1	3.58713	56.497
1	3.65177	58.094
1	3.7164	60.236
1	3.78103	62.317
1	3.84567	63.93
1	3.9103	66.32
1	3.97493	68.533
1	4.03957	70.984
1	4.1042	73.715
1	4.16883	75.665
1	4.23346	77.877
1	4.2981	80.178
1	4.36273	82.579
1	4.42736	85.157
1	4.492	87.221
1	4.55663	90.239
1	4.62126	92.461
1	4.6859	95.395
1	4.75053	97.375
1	4.81516	99.86
1	4.87979	102.626
1	4.94443	106.247
1	5.00906	108.542
1	5.07369	111.657
1	5.13833	114.2
1	5.20296	117.221
1	5.26759	121.164
1	5.33223	122.228
1	5.39686	125.731
1	5.46149	129.169
1	5.52612	132.158
1	5.59076	134.577
1	5.65539	137.634
1	5.72002	142.422
1	5.78466	145.518
1	5.84929	148.343
1	5.91392	150.775
1	5.97856	154.749
1	6.04319	157.97
1	6.10782	161.047
1	6.17246	164.979
1	6.23709	168.022
1	6.30172	172.298
1	6.36635	174.525
1	6.43099	179.339
2	0.0323165	0
2	0.0969496	0
2	0.161583	0
2	0.226216	0
2	0.290849	0
2	0.355482	0
2	0.420115	0
2	0.484748	0
2	0.549381	0
2	0.614014	0
2	0.678647	0
2	0.74328	0
2	0.807913	0
2	0.872546	0
2	0.937179	0.53
2	1.00181	4.621
2	1.06645	10.234
2	1.13108	12.469
2	1.19571	13.076
2	1.26034	12.567
2	1.32498	11.97
2	1.38961	12.174
2	1.45424	12.33
2	1.51888	12.361
2	1.58351	12.977
2	1.64814	13.429
2	1.71278	13.98
2	1.77741	14.803
2	1.84204	15.916
2	1.90667	17.141
2	1.97131	18.11
2	2.03594	19.19
2	2.10057	20.032
2	2.16521	21.663
2	2.22984	22.665
2	2.29447	23.784
2	2.35911	24.9
2	2.42374	26.275
2	2.48837	28.132
2	2.55301	28.877
2	2.61764	30.44
2	2.68227	31.662
2	2.7469	32.946
2	2.81154	34.776
2	2.87617	36.418
2	2.9408	37.44
2	3.00544	39.699
2	3.07007	40.891
2	3.1347	43.091
2	3.19934	44.46
2	3.26397	46.436
2	3.3286	47.952
2	3.39323	49.539
2	3.45787	51.833
2	3.5225	52.999
2	3.58713	56.131
2	3.65177	57.927
2	3.7164	60.012
2	3.78103	62.411
2	3.84567	64.232
2	3.9103	65.66
2	3.97493	68.181
2	4.03957	70.616
2	4.1042	72.938
2	4.16883	74.892
2	4.23346	77.313
2	4.2981	79.642
2	4.36273	81.925
2	4.42736	84.014
2	4.492	87.122
2	4.55663	90.116
2	4.62126	92.776
2	4.6859	94.435
2	4.75053	97.893
2	4.81516	100.811
2	4.87979	103.043
2	4.94443	105.173
2	5.00906	108.183
2	5.07369	111.687
2	5.13833	114.208
2	5.20296	117.089
2	5.26759	119.097
2	5.33223	123.313
2	5.39686	126.298
2	5.46149	129.206
2	5.52612	131.759
2	5.59076	134.135
2	5.65539	138.357
2	5.72002	142.27
2	5.78466	145.65
2	5.84929	147.905
2	5.91392	151.933
2	5.97856	154.802
2	6.04319	158.039
2	6.10782	161.617
2	6.17246	164.739
2	6.23709	167.774
2	6.30172	170.919
2	6.36635	175.333
2	6.43099	179.063
3	0.0323165	0
3	0.0969496	0
3	0.161583	0
3	0.226216	0
3	0.290849	0
3	0.355482	0
3	0.420115	0
3	0.484748	0
3	0.549381	0
3	0.614014	0
3	0.678647	0
3	0.74328	0
3	0.807913	0
3	0.872546	0.003
3	0.937179	0.56
3	1.00181	4.673
3	1.06645	9.943
3	1.13108	12.779
3	1.19571	12.66
3	1.26034	12.558
3	1.32498	12.221
3	1.38961	12.032
3	1.45424	12.133
3	1.51888	12.839
3	1.58351	12.942
3	1.64814	13.218
3	1.71278	14.284
3	1.77741	14.985
3	1.84204	15.901
3	1.90667	16.903
3	1.97131	17.922
3	2.03594	19.133
3	2.10057	20.503
3	2.16521	21.776
3	2.22984	22.702
3	2.29447	23.843
3	2.35911	25.442
3	2.42374	26.341
3	2.48837	27.352
3	2.55301	29.572
3	2.61764	30.303
3	2.68227	32.065
3	2.7469	32.756
3	2.81154	34.999
3	2.87617	36.117
3	2.9408	37.759
3	3.00544	40.152
3	3.07007	40.717
3	3.1347	42.805
3	3.19934	44.586
3	3.26397	46.786
3	3.3286	48.208
3	3.39323	50.457
3	3.45787	51.907
3	3.5225	54.514
3	3.58713	56.756
3	3.65177	58.048
3	3.7164	60.578
3	3.78103	62.419
3	3.84567	64.647
3	3.9103	66.59
3	3.97493	68.896
3	4.03957	70.781
3	4.1042	73.009
3	4.16883	75.654
3	4.23346	78.067
3	4.2981	80.131
3	4.36273	82.443
3	4.42736	85.663
3	4.492	87.79
3	4.55663	89.845
3	4.62126	92.63
3	4.6859	95.558
3	4.75053	98.4
3	4.81516	100.814
3	4.87979	103.782
3	4.94443	105.966
3	5.00906	108.413
3	5.07369	111.481
3	5.13833	113.565
3	5.20296	117.126
3	5.26759	120.748
3	5.33223	123.397
3	5.39686	125.351
3	5.46149	129.04
3	5.52612	133.117
3	5.59076	135.115
3	5.65539	138.556
3	5.72002	141.764
3	5.78466	144.042
3	5.84929	148.445
3	5.91392	150.579
3	5.97856	154.111
3	6.04319	157.97
3	6.10782	161.926
3	6.17246	164.124
3	6.23709	167.563
3	6.30172	172.216
3	6.36635	174.839
3	6.43099	179.236
4	0.0323165	0
4	0.0969496	0
4	0.161583	0
4	0.226216	0
4	0.290849	0
4	0.355482	0
4	0.420115	0
4	0.484748	0
4	0.549381	0
4	0.614014	0
4	0.678647	0
4	0.74328	0
4	0.807913	0
4	0.872546	0.004
4	0.937179	0.553
4	1.00181	4.805
4	1.06645	10.274
4	1.13108	12.992
4	1.19571	12.735
4	1.26034	12.749
4	1.32498	12.277
4	1.38961	12.439
4	1.45424	12.266
4	1.51888	12.475
4	1.58351	13.455
4	1.64814	13.732
4	1.71278	14.638
4	1.77741	15.084
4	1.84204	16.349
4	1.90667	16.832
4	1.97131	17.672
4	2.03594	19.353
4	2.10057	19.92
4	2.16521	21.626
4	2.22984	22.624
4	2.29447	24.534
4	2.35911	25.775
4	2.42374	26.517
4	2.48837	28.105
4	2.55301	28.829
4	2.61764	30.522
4	2.68227	32.171
4	2.7469	33.368
4	2.81154	34.463
4	2.87617	36.654
4	2.9408	38.273
4	3.00544	39.565
4	3.07007	41.286
4	3.1347	43.16
4	3.19934	45.036
4	3.26397	47.228
4	3.3286	49.181
4	3.39323	50.779
4	3.45787	51.863
4	3.5225	54.502
4	3.58713	55.999
4	3.65177	57.895
4	3.7164	60.19
4	3.78103	61.66
4	3.84567	64.964
4	3.9103	66.215
4	3.97493	68.393
4	4.03957	70.937
4	4.1042	72.18
4	4.16883	75.314
4	4.23346	77.335
4	4.2981	80.253
4	4.36273	81.723
4	4.42736	85.242
4	4.492	87.282
4	4.55663	89.956
4	4.62126	91.908
4	4.6859	94.726
4	4.75053	97.959
4	4.81516	99.873
4	4.87979	103.634
4	4.94443	105.564
4	5.00906	108.618
4	5.07369	111.701
4	5.13833	113.908
4	5.20296	117.577
4	5.26759	119.886
4	5.33223	122.989
4	5.39686	125.978
4	5.46149	127.833
4	5.52612	132.632
4	5.59076	134.753
4	5.65539	139.233
4	5.72002	141.458
4	5.78466	144.082
4	5.84929	148.061
4	5.91392	151.514
4	5.97856	153.753
4	6.04319	157.917
4	6.10782	161.369
4	6.17246	164.971
4	6.23709	168.721
4	6.30172	171.956
4	6.36635	175.582
4	6.43099	179.983
5	0.0323165	0
5	0.0969496	0
5	0.161583	0
5	0.226216	0
5	0.290849	0
5	0.355482	0
5	0.420115	0
5	0.484748	0
5	0.549381	0
5	0.614014	0
5	0.678647	0
5	0.74328	0
5	0.807913	0
5	0.872546	0.002
5	0.937179	0.575
5	1.00181	4.614
5	1.06645	9.918
5	1.13108	12.671
5	1.19571	13.316
5	1.26034	12.7
5	1.32498	12.459
5	1.38961	12.108
5	1.45424	12.533
5	1.51888	12.998
5	1.58351	13.381
5	1.64814	13.652
5	1.71278	14.446
5	1.77741	15.011
5	1.84204	16.067
5	1.90667	17.182
5	1.97131	18.014
5	2.03594	18.979
5	2.10057	20.457
5	2.16521	21.523
5	2.22984	22.799
5	2.29447	24.377
5	2.35911	25.122
5	2.42374	26.455
5	2.48837	27.789
5	2.55301	29.579
5	2.61764	30.65
5	2.68227	31.732
5	2.7469	33.584
5	2.81154	35.456
5	2.87617	36.756
5	2.9408	37.563
5	3.00544	39.242
5	3.07007	41.63
5	3.1347	42.825
5	3.19934	44.669
5	3.26397	46.316
5	3.3286	48.42
5	3.39323	50.36
5	3.45787	51.87
5	3.5225	54.114
5	3.58713	55.575
5	3.65177	57.737
5	3.7164	60.347
5	3.78103	61.554
5	3.84567	63.472
5	3.9103	65.846
5	3.97493	68.602
5	4.03957	71.056
5	4.1042	72.633
5	4.16883	75.316
5	4.23346	77.408
5	4.2981	79.343
5	4.36273	81.94
5	4.42736	84.478
5	4.492	87.601
5	4.55663	89.503
5	4.62126	92.291
5	4.6859	94.831
5	4.75053	97.746
5	4.81516	100.193
5	4.87979	102.379
5	4.94443	106.37
5	5.00906	107.735
5	5.07369	110.613
5	5.13833	114.291
5	5.20296	116.894
5	5.26759	119.43
5	5.33223	122.987
5	5.39686	125.928
5	5.46149	128.857
5	5.52612	131.862
5	5.59076	135.665
5	5.65539	138.342
5	5.72002	142.531
5	5.78466	144.634
5	5.84929	148.06
5	5.91392	150.216
5	5.97856	154.213
5	6.04319	158.245
5	6.10782	160.913
5	6.17246	164.633
5	6.23709	168.179
5	6.30172	171.788
5	6.36635	175.874
5	6.43099	178.512
6	0.0323165	0
6	0.0969496	0
6	0.161583	0
6	0.226216	0
6	0.290849	0
6	0.355482	0
6	0.420115	0
6	0.484748	0
6	0.549381	0
6	0.614014	0
6	0.678647	0
6	0.74328	0
6	0.807913	0
6	0.872546	0.001
6	0.937179	0.613
6	1.00181	4.745
6	1.06645	10.465
6	1.13108	12.599
6	1.19571	12.945
6	1.26034	12.708
6	1.32498	12.432
6	1.38961	12.598
6	1.45424	12.42
6	1.51888	12.384
6	1.58351	13.16
6	1.64814	13.27
6	1.71278	14.757
6	1.77741	15.254
6	1.84204	16.109
6	1.90667	16.753
6	1.97131	18.05
6	2.03594	19.293
6	2.10057	20.312
6	2.16521	21.591
6	2.22984	23.005
6	2.29447	23.688
6	2.35911	25.51
6	2.42374	26.433
6	2.48837	27.611
6	2.55301	29.33
6	2.61764	30.321
6	2.68227	31.994
6	2.7469	33.26
6	2.81154	34.856
6	2.87617	35.897
6	2.9408	37.986
6	3.00544	40.194
6	3.07007	41.167
6	3.1347	43.239
6	3.19934	45.059
6	3.26397	46.953
6	3.3286	48.161
6	3.39323	50.084
6	3.45787	51.678
6	3.5225	54.601
6	3.58713	55.448
6	3.65177	57.968
6	3.7164	60.478
6	3.78103	62.251
6	3.84567	63.979
6	3.9103	66.499
6	3.97493	67.404
6	4.03957	70.938
6	4.1042	72.966
6	4.16883	75.711
6	4.23346	78.293
6	4.2981	79.958
6	4.36273	82.427
6	4.42736	84.084
6	4.492	87.112
6	4.55663	90.316
6	4.62126	92.514
6	4.6859	95.338
6	4.75053	97.27
6	4.81516	101.133
6	4.87979	103.873
6	4.94443	105.65
6	5.00906	108.289
6	5.07369	111.599
6	5.13833	113.915
6	5.20296	117.079
6	5.26759	119.556
6	5.33223	122.821
6	5.39686	126.024
6	5.46149	128.573
6	5.52612	131.924
6	5.59076	135.068
6	5.65539	138.213
6	5.72002	141.608
6	5.78466	144.658
6	5.84929	147.526
6	5.91392	151.505
6	5.97856	154.329
6	6.04319	157.34
6	6.10782	161.332
6	6.17246	164.707
6	6.23709	169.105
6	6.30172	170.757
6	6.36635	175.066
6	6.43099	179.454
7	0.0323165	0
7	0.0969496	0
7	0.161583	0
7	0.226216	0
7	0.290849	0
7	0.355482	0
7	0.420115	0
7	0.484748	0
7	0.549381	0
7	0.614014	0
7	0.678647	0
7	0.74328	0
7	0.807913	0
7	0.872546	0
7	0.937179	0.622
7	1.00181	4.628
7	1.06645	9.989
7	1.13108	12.624
7	1.19571	13.52
7	1.26034	12.52
7	1.32498	12.673
7	1.38961	12.474
7	1.45424	12.635
7	1.51888	12.799
7	1.58351	12.885
7	1.64814	13.416
7	1.71278	14.214
7	1.77741	14.93
7	1.84204	16.157
7	1.90667	16.992
7	1.97131	17.693
7	2.03594	19.276
7	2.10057	20.462
7	2.16521	21.84
7	2.22984	22.93
7	2.29447	24.299
7	2.35911	24.763
7	2.42374	26.666
7	2.48837	27.774
7	2.55301	29.498
7	2.61764	30.657
7	2.68227	32.212
7	2.7469	33.406
7	2.81154	34.542
7	2.87617	36.506
7	2.9408	37.999
7	3.00544	39.378
7	3.07007	42.063
7	3.1347	43.235
7	3.19934	44.416
7	3.26397	47.026
7	3.3286	48.933
7	3.39323	49.728
7	3.45787	52.005
7	3.5225	53.252
7	3.58713	55.475
7	3.65177	57.876
7	3.7164	60.103
7	3.78103	62.101
7	3.84567	63.679
7	3.9103	65.623
7	3.97493	68.633
7	4.03957	70.833
7	4.1042	72.894
7	4.16883	76.204
7	4.23346	77.305
7	4.2981	79.329
7	4.36273	82.912
7	4.42736	85.457
7	4.492	87.397
7	4.55663	90.463
7	4.62126	92.723
7	4.6859	95.8
7	4.75053	98.124
7	4.81516	99.802
7	4.87979	103.407
7	4.94443	105.688
7	5.00906	108.155
7	5.07369	112.349
7	5.13833	114.51
7	5.20296	117.952
7	5.26759	119.72
7	5.33223	123.815
7	5.39686	125.728
7	5.46149	129
7	5.52612	131.175
7	5.59076	135.198
7	5.65539	138.219
7	5.72002	141.256
7	5.78466	144.446
7	5.84929	148.965
7	5.91392	151.76
7	5.97856	154.594
7	6.04319	157.324
7	6.10782	160.346
7	6.17246	164.412
7	6.23709	168.458
7	6.30172	171.04
7	6.36635	175.5
7	6.43099	179.663
8	0.0323165	0
8	0.0969496	0
8	0.161583	0
8	0.226216	0
8	0.290849	0
8	0.355482	0
8	0.420115	0
8	0.484748	0
8	0.549381	0
8	0.614014	0
8	0.678647	0
8	0.74328	0
8	0.807913	0
8	0.872546	0.004
8	0.937179	0.574
8	1.00181	4.875
8	1.06645	10.132
8	1.13108	12.584
8	1.19571	12.938
8	1.26034	13.135
8	1.32498	12.577
8	1.38961	12.196
8	1.45424	12.216
8	1.51888	12.363
8	1.58351	12.87
8	1.64814	13.855
8	1.71278	14.407
8	1.77741	14.87
8	1.84204	15.515
8	1.90667	16.897
8	1.97131	17.806
8	2.03594	19.193
8	2.10057	20.232
8	2.16521	21.776
8	2.22984	22.673
8	2.29447	24.122
8	2.35911	25.213
8	2.42374	26.43
8	2.48837	27.643
8	2.55301	28.996
8	2.61764	30.472
8	2.68227	31.807
8	2.7469	33.435
8	2.81154	34.998
8	2.87617	35.841
8	2.9408	37.94
8	3.00544	39.528
8	3.07007	40.853
8	3.1347	43.51
8	3.19934	44.568
8	3.26397	47.036
8	3.3286	48.127
8	3.39323	49.867
8	3.45787	51.833
8	3.5225	53.969
8	3.58713	56.352
8	3.65177	57.704
8	3.7164	59.821
8	3.78103	62.026
8	3.84567	63.222
8	3.9103	66.64
8	3.97493	68.772
8	4.03957	70.046
8	4.1042	73.571
8	4.16883	75.359
8	4.23346	78.445
8	4.2981	80.164
8	4.36273	82.466
8	4.42736	85.004
8	4.492	86.866
8	4.55663	89.682
8	4.62126	92.806
8	4.6859	95.42
8	4.75053	97.786
8	4.81516	101.082
8	4.87979	103.627
8	4.94443	105.427
8	5.00906	108.204
8	5.07369	110.863
8	5.13833	114.021
8	5.20296	117.58
8	5.26759	119.384
8	5.33223	123.28
8	5.39686	125.95
8	5.46149	129.175
8	5.52612	132.241
8	5.59076	134.93
8	5.65539	138.169
8	5.72002	142.164
8	5.78466	145.227
8	5.84929	148.115
8	5.91392	151.697
8	5.97856	154.817
8	6.04319	158.233
8	6.10782	160.75
8	6.17246	165.094
8	6.23709	167.088
8	6.30172	172.532
8	6.36635	174.964
8	6.43099	178.905
9	0.0323165	0
9	0.0969496	0
9	0.161583	0
9	0.226216	0
9	0.290849	0
9	0.355482	0
9	0.420115	0
9	0.484748	0
9	0.549381	0
9	0.614014	0
9	0.678647	0
9	0.74328	0
9	0.807913	0
9	0.872546	0.003
9	0.937179	0.599
9	1.00181	4.788
9	1.06645	10.238
9	1.13108	12.908
9	1.19571	13.405
9	1.26034	13.128
9	1.32498	12.641
9	1.38961	12.363
9	1.45424	12.498
9	1.51888	12.608
9	1.58351	12.962
9	1.64814	13.838
9	1.71278	14.22
9	1.77741	15.02
9	1.84204	15.765
9	1.90667	17.381
9	1.97131	18.155
9	2.03594	19.623
9	2.10057	20.623
9	2.16521	21.565
9	2.22984	23.058
9	2.29447	24.495
9	2.35911	25.629
9	2.42374	26.472
9	2.48837	27.87
9	2.55301	29.579
9	2.61764	30.466
9	2.68227	31.825
9	2.7469	33.249
9	2.81154	34.797
9	2.87617	36.679
9	2.9408	38.055
9	3.00544	39.739
9	3.07007	41.173
9	3.1347	42.968
9	3.19934	45.134
9	3.26397	46.403
9	3.3286	48.736
9	3.39323	50.044
9	3.45787	51.717
9	3.5225	53.836
9	3.58713	56.617
9	3.65177	57.903
9	3.7164	59.802
9	3.78103	61.863
9	3.84567	64.439
9	3.9103	66.23
9	3.97493	68.812
9	4.03957	71.003
9	4.1042	72.461
9	4.16883	75.282
9	4.23346	76.601
9	4.2981	80.428
9	4.36273	82.549
9	4.42736	84.462
9	4.492	87.242
9	4.55663	89.969
9	4.62126	92.415
9	4.6859	94.373
9	4.75053	97.707
9	4.81516	99.714
9	4.87979	102.503
9	4.94443	105.093
9	5.00906	108.59
9	5.07369	111.003
9	5.13833	114.825
9	5.20296	116.906
9	5.26759	119.006
9	5.33223	123.248
9	5.39686	125.422
9	5.46149	129.574
9	5.52612	132.808
9	5.59076	134.956
9	5.65539	138.193
9	5.72002	142.4
9	5.78466	145.361
9	5.84929	148.362
9	5.91392	150.823
9	5.97856	155.277
9	6.04319	157.311
9	6.10782	160.495
9	6.17246	164.801
9	6.23709	167.886
9	6.30172	172.804
9	6.36635	174.506
9	6.43099	179.124
10	0.0323165	0
10	0.0969496	0
10	0.161583	0
10	0.226216	0
10	0.290849	0
10	0.355482	0
10	0.420115	0
10	0.484748	0
10	0.549381	0
10	0.614014	0
10	0.678647	0
10	0.74328	0
10	0.807913	0
10	0.872546	0.003
10	0.937179	0.584
10	1.00181	4.587
10	1.06645	10.322
10	1.13108	12.813
10	1.19571	12.937
10	1.26034	12.964
10	1.32498	12.411
10	1.38961	12.509
10	1.45424	12.389
10	1.51888	12.611
10	1.58351	13.205
10	1.64814	13.539
10	1.71278	14.004
10	1.77741	14.894
10	1.84204	16.251
10	1.90667	17.08
10	1.97131	17.656
10	2.03594	19.244
10	2.10057	20.691
10	2.16521	21.538
10	2.22984	22.864
10	2.29447	24.279
10	2.35911	25.318
10	2.42374	26.488
10	2.48837	28.026
10	2.55301	29.284
10	2.61764	30.719
10	2.68227	31.799
10	2.7469	33.386
10	2.81154	34.918
10	2.87617	35.765
10	2.9408	37.714
10	3.00544	39.791
10	3.07007	41.365
10	3.1347	42.626
10	3.19934	45.286
10	3.26397	46.938
10	3.3286	48.416
10	3.39323	50.853
10	3.45787	52.581
10	3.5225	54.299
10	3.58713	55.61
10	3.65177	58.515
10	3.7164	60.578
10	3.78103	62.558
10	3.84567	64.278
10	3.9103	66.03
10	3.97493	68.368
10	4.03957	71.246
10	4.1042	73.536
10	4.16883	76.096
10	4.23346	77.649
10	4.2981	79.928
10	4.36273	81.96
10	4.42736	84.551
10	4.492	87.714
10	4.55663	90.715
10	4.62126	92.522
10	4.6859	95.608
10	4.75053	97.951
10	4.81516	100.285
10	4.87979	102.385
10	4.94443	106.928
10	5.00906	108.444
10	5.07369	112.367
10	5.13833	115.157
10	5.20296	117.247
10	5.26759	119.251
10	5.33223	122.239
10	5.39686	126.367
10	5.46149	129.347
10	5.52612	131.346
10	5.59076	135.914
10	5.65539	138.63
10	5.72002	141.762
10	5.78466	144.467
10	5.84929	147.994
10	5.91392	151.667
10	5.97856	153.929
10	6.04319	158.527
10	6.10782	161.591
10	6.17246	164.68
10	6.23709	168.718
10	6.30172	170.844
10	6.36635	175.165
10	6.43099	179.602
11	0.0323165	0
11	0.0969496	0
11	0.161583	0
11	0.226216	0
11	0.290849	0
11	0.355482	0
11	0.420115	0
11	0.484748	0
11	0.549381	0
11	0.614014	0
11	0.678647	0
11	0.74328	0
11	0.807913	0
11	0.872546	0.004
11	0.937179	0.584
11	1.00181	4.803
11	1.06645	9.903
11	1.13108	12.832
11	1.19571	13.081
11	1.26034	12.83
11	1.32498	12.44
11	1.38961	12.613
11	1.45424	12.307
11	1.51888	12.614
11	1.58351	12.989
11	1.64814	13.787
11	1.71278	13.772
11	1.77741	15.025
11	1.84204	16.032
11	1.90667	16.875
11	1.97131	17.654
11	2.03594	19.099
11	2.10057	20.188
11	2.16521	21.176
11	2.22984	22.698
11	2.29447	23.98
11	2.35911	25.182
11	2.42374	26.585
11	2.48837	27.829
11	2.55301	28.839
11	2.61764	30.441
11	2.68227	31.665
11	2.7469	33.649
11	2.81154	34.823
11	2.87617	36.202
11	2.9408	37.566
11	3.00544	39.85
11	3.07007	40.89
11	3.1347	42.374
11	3.19934	44.322
11	3.26397	46.173
11	3.3286	47.803
11	3.39323	49.885
11	3.45787	51.583
11	3.5225	53.533
11	3.58713	55.909
11	3.65177	57.321
11	3.7164	60.354
11	3.78103	61.948
11	3.84567	64.143
11	3.9103	65.808
11	3.97493	68.551
11	4.03957	71.246
11	4.1042	72.117
11	4.16883	74.911
11	4.23346	77.493
11	4.2981	79.572
11	4.36273	81.764
11	4.42736	84.664
11	4.492	86.866
11	4.55663	89.795
11	4.62126	92.28
11	4.6859	94.908
11	4.75053	98.245
11	4.81516	100.374
11	4.87979	103.302
11	4.94443	105.689
11	5.00906	108.047
11	5.07369	110.403
11	5.13833	113.716
11	5.20296	116.765
11	5.26759	120.214
11	5.33223	123.651
11	5.39686	125.571
11	5.46149	128.751
11	5.52612	132.097
11	5.59076	135.331
11	5.65539	138.678
11	5.72002	142.23
11	5.78466	144.358
11	5.84929	147.591
11	5.91392	152.106
11	5.97856	155.386
11	6.04319	157.371
11	6.10782	160.712
11	6.17246	165.14
11	6.23709	168.528
11	6.30172	171.211
11	6.36635	175.154
11	6.43099	178.748
12	0.0323165	0
12	0.0969496	0
12	0.161583	0
12	0.226216	0
12	0.290849	0
12	0.355482	0
12	0.420115	0
12	0.484748	0
12	0.549381	0
12	0.614014	0
12	0.678647	0
12	0.74328	0
12	0.807913	0
12	0.872546	0.003
12	0.937179	0.544
12	1.00181	4.754
12	1.06645	10.168
12	1.13108	12.607
12	1.19571	13.143
12	1.26034	12.775
12	1.32498	12.466
12	1.38961	12.336
12	1.45424	12.16
12	1.51888	12.39
12	1.58351	13.174
12	1.64814	13.526
12	1.71278	14.875
12	1.77741	15.212
12	1.84204	16.132
12	1.90667	16.881
12	1.97131	17.986
12	2.03594	19.211
12	2.10057	20.77
12	2.16521	21.791
12	2.22984	22.93
12	2.29447	23.932
12	2.35911	25.197
12	2.42374	26.856
12	2.48837	27.906
12	2.55301	29.135
12	2.61764	30.79
12	2.68227	32.076
12	2.7469	33.308
12	2.81154	34.785
12	2.87617	36.293
12	2.9408	38.144
12	3.00544	39.434
12	3.07007	41.795
12	3.1347	43.192
12	3.19934	44.855
12	3.26397	46.303
12	3.3286	48.263
12	3.39323	49.775
12	3.45787	51.75
12	3.5225	54.124
12	3.58713	55.641
12	3.65177	58.108
12	3.7164	60.146
12	3.78103	62.419
12	3.84567	64.419
12	3.9103	66.351
12	3.97493	68.006
12	4.03957	71.063
12	4.1042	72.952
12	4.16883	74.994
12	4.23346	77.687
12	4.2981	80.521
12	4.36273	82.105
12	4.42736	84.61
12	4.492	87.632
12	4.55663	89.61
12	4.62126	92.406
12	4.6859	95.232
12	4.75053	97.319
12	4.81516	100.596
12	4.87979	103.192
12	4.94443	105.627
12	5.00906	108.278
12	5.07369	111.081
12	5.13833	114.376
12	5.20296	117.054
12	5.26759	120.464
12	5.33223	122.832
12	5.39686	126.351
12	5.46149	128.688
12	5.52612	131.544
12	5.59076	135.181
12	5.65539	137.906
12	5.72002	141.987
12	5.78466	145.02
12	5.84929	148.35
12	5.91392	151.219
12	5.97856	154.998
12	6.04319	158.232
12	6.10782	160.63
12	6.17246	164.697
12	6.23709	166.965
12	6.30172	171.633
12	6.36635	174.877
12	6.43099	178.275
13	0.0323165	0
13	0.0969496	0
13	0.161583	0
13	0.226216	0
13	0.290849	0
13	0.355482	0
13	0.420115	0
13	0.484748	0
13	0.549381	0
13	0.614014	0
13	0.678647	0
13	0.74328	0
13	0.807913	0
13	0.872546	0.001
13	0.937179	0.584
13	1.00181	4.652
13	1.06645	9.647
13	1.13108	12.759
13	1.19571	13.09
13	1.26034	12.569
13	1.32498	12.356
13	1.38961	12.038
13	1.45424	12.232
13	1.51888	12.785
13	1.58351	13.145
13	1.64814	13.9
13	1.71278	14.33
13	1.77741	15.108
13	1.84204	16.043
13	1.90667	16.919
13	1.97131	17.869
13	2.03594	19.048
13	2.10057	20.184
13	2.16521	21.188
13	2.22984	22.486
13	2.29447	24.232
13	2.35911	25.584
13	2.42374	26.904
13	2.48837	28.027
13	2.55301	28.959
13	2.61764	30.078
13	2.68227	32.44
13	2.7469	33.262
13	2.81154	34.424
13	2.87617	36.052
13	2.9408	37.876
13	3.00544	39.108
13	3.07007	41.186
13	3.1347	43.391
13	3.19934	44.697
13	3.26397	46.591
13	3.3286	48.951
13	3.39323	49.764
13	3.45787	52.328
13	3.5225	54.27
13	3.58713	55.689
13	3.65177	57.847
13	3.7164	60.072
13	3.78103	62.359
13	3.84567	64.343
13	3.9103	66.96
13	3.97493	68.761
13	4.03957	71.046
13	4.1042	72.86
13	4.16883	75.054
13	4.23346	77.327
13	4.2981	80.44
13	4.36273	82.374
13	4.42736	85.274
13	4.492	87.62
13	4.55663	90.131
13	4.62126	92.476
13	4.6859	95.141
13	4.75053	98.186
13	4.81516	100.567
13	4.87979	102.951
13	4.94443	105.552
13	5.00906	108.701
13	5.07369	111.465
13	5.13833	114.413
13	5.20296	116.672
13	5.26759	120.56
13	5.33223	123.705
13	5.39686	126.548
13	5.46149	129.72
13	5.52612	132.396
13	5.59076	135.059
13	5.65539	138.897
13	5.72002	140.966
13	5.78466	145.174
13	5.84929	148.08
13	5.91392	151.746
13	5.97856	154.306
13	6.04319	158.912
13	6.10782	160.851
13	6.17246	165.302
13	6.23709	168.356
13	6.30172	171.838
13	6.36635	175.267
13	6.43099	179.57
14	0.0323165	0
14	0.0969496	0
14	0.161583	0
14	0.226216	0
14	0.290849	0
14	0.355482	0
14	0.420115	0
14	0.484748	0
14	0.549381	0
14	0.614014	0
14	0.678647	0
14	0.74328	0
14	0.807913	0
14	0.872546	0.009
14	0.937179	0.623
14	1.00181	4.615
14	1.06645	10.191
14	1.13108	12.891
14	1.19571	13.003
14	1.26034	12.905
14	1.32498	12.438
14	1.38961	12.289
14	1.45424	12.55
14	1.51888	12.729
14	1.58351	13.116
14	1.64814	13.232
14	1.71278	14.148
14	1.77741	15.184
14	1.84204	15.587
14	1.90667	16.78
14	1.97131	17.947
14	2.03594	19.299
14	2.10057	19.871
14	2.16521	22.097
14	2.22984	22.726
14	2.29447	24.238
14	2.35911	25.566
14	2.42374	26.522
14	2.48837	27.613
14	2.55301	29.621
14	2.61764	30.602
14	2.68227	31.689
14	2.7469	33.516
14	2.81154	34.532
14	2.87617	36.165
14	2.9408	37.693
14	3.00544	39.402
14	3.07007	41.662
14	3.1347	43.572
14	3.19934	45.108
14	3.26397	46.863
14	3.3286	48.801
14	3.39323	49.987
14	3.45787	52.325
14	3.5225	54.219
14	3.58713	56.035
14	3.65177	57.753
14	3.7164	60.396
14	3.78103	61.441
14	3.84567	64.406
14	3.9103	65.888
14	3.97493	68.359
14	4.03957	70.585
14	4.1042	73.8
14	4.16883	75.255
14	4.23346	77.397
14	4.2981	80.394
14	4.36273	82.457
14	4.42736	84.635
14	4.492	87.73
14	4.55663	90.398
14	4.62126	92.192
14	4.6859	95.09
14	4.75053	97.698
14	4.81516	99.568
14	4.87979	102.992
14	4.94443	105.622
14	5.00906	107.845
14	5.07369	111.367
14	5.13833	113.439
14	5.20296	115.873
14	5.26759	120.253
14	5.33223	123.354
14	5.39686	126.713
14	5.46149	129.133
14	5.52612	131.676
14	5.59076	135.445
14	5.65539	138.34
14	5.72002	141.126
14	5.78466	145.353
14	5.84929	148.22
14	5.91392	151.239
14	5.97856	153.48
14	6.04319	157.529
14	6.10782	160.908
14	6.17246	165.276
14	6.23709	167.612
14	6.30172	171.273
14	6.36635	174.803
14	6.43099	178.957
15	0.0323165	0
15	0.0969496	0
15	0.161583	0
15	0.226216	0
15	0.290849	0
15	0.355482	0
15	0.420115	0
15	0.484748	0
15	0.549381	0
15	0.614014	0
15	0.678647	0
15	0.74328	0
15	0.807913	0
15	0.872546	0.001
15	0.937179	0.522
15	1.00181	4.664
15	1.06645	10.262
15	1.13108	12.35
15	1.19571	13.652
15	1.26034	12.915
15	1.32498	12.493
15	1.38961	12.516
15	1.45424	12.475
15	1.51888	12.833
15	1.58351	13.013
15	1.64814	13.822
15	1.71278	14.398
15	1.77741	15.194
15	1.84204	16.299
15	1.90667	17.12
15	1.97131	18.349
15	2.03594	19.477
15	2.10057	20.402
15	2.16521	21.808
15	2.22984	22.942
15	2.29447	24.291
15	2.35911	25.339
15	2.42374	26.832
15	2.48837	28.022
15	2.55301	28.954
15	2.61764	30.402
15	2.68227	32.631
15	2.7469	33.533
15	2.81154	35.327
15	2.87617	36.916
15	2.9408	38.597
15	3.00544	39.575
15	3.07007	41.623
15	3.1347	42.817
15	3.19934	44.963
15	3.26397	46.201
15	3.3286	48.691
15	3.39323	50.319
15	3.45787	51.819
15	3.5225	54.499
15	3.58713	56.618
15	3.65177	58.312
15	3.7164	60.055
15	3.78103	61.466
15	3.84567	64.246
15	3.9103	66.243
15	3.97493	68.373
15	4.03957	70.993
15	4.1042	73.205
15	4.16883	74.987
15	4.23346	77.059
15	4.2981	79.77
15	4.36273	83.483
15	4.42736	84.525
15	4.492	87.948
15	4.55663	89.996
15	4.62126	92.784
15	4.6859	95.236
15	4.75053	97.136
15	4.81516	100.051
15	4.87979	103.29
15	4.94443	105.996
15	5.00906	108.753
15	5.07369	111.693
15	5.13833	114.468
15	5.20296	117.205
15	5.26759	120.168
15	5.33223	123.007
15	5.39686	125.554
15	5.46149	128.918
15	5.52612	132.083
15	5.59076	135.43
15	5.65539	139.35
15	5.72002	140.512
15	5.78466	143.98
15	5.84929	148.141
15	5.91392	150.515
15	5.97856	154.571
15	6.04319	157.895
15	6.10782	161.989
15	6.17246	163.876
15	6.23709	168.051
15	6.30172	171.569
15	6.36635	175.306
15	6.43099	178.321
16	0.0323165	0
16	0.0969496	0
16	0.161583	0
16	0.226216	0
16	0.290849	0
16	0.355482	0
16	0.420115	0
16	0.484748	0
16	0.549381	0
16	0.614014	0
16	0.678647	0
16	0.74328	0
16	0.807913	0
16	0.872546	0.003
16	0.937179	0.582
16	1.00181	4.796
16	1.06645	10.346
16	1.13108	12.986
16	1.19571	13.251
16	1.26034	12.695
16	1.32498	12.474
16	1.38961	12.012
16	1.45424	12.135
16	1.51888	12.476
16	1.58351	12.925
16	1.64814	13.573
16	1.71278	14.541
16	1.77741	15.1
16	1.84204	15.995
16	1.90667	16.895
16	1.97131	17.95
16	2.03594	19.575
16	2.10057	20.304
16	2.16521	21.953
16	2.22984	22.797
16	2.29447	24.132
16	2.35911	25.699
16	2.42374	26.621
16	2.48837	27.955
16	2.55301	29.284
16	2.61764	30.489
16	2.68227	31.173
16	2.7469	33.267
16	2.81154	35.242
16	2.87617	36.196
16	2.9408	38.602
16	3.00544	39.812
16	3.07007	41.484
16	3.1347	42.978
16	3.19934	44.866
16	3.26397	46.233
16	3.3286	48.068
16	3.39323	50.084
16	3.45787	51.28
16	3.5225	53.461
16	3.58713	56.001
16	3.65177	56.983
16	3.7164	60.031
16	3.78103	61.404
16	3.84567	63.4
16	3.9103	66.287
16	3.97493	67.96
16	4.03957	70.806
16	4.1042	73.019
16	4.16883	75.256
16	4.23346	77.425
16	4.2981	80.425
16	4.36273	82.443
16	4.42736	84.482
16	4.492	86.887
16	4.55663	89.853
16	4.62126	92.595
16	4.6859	94.919
16	4.75053	97.631
16	4.81516	100.038
16	4.87979	102.419
16	4.94443	106.53
16	5.00906	108.168
16	5.07369	110.622
16	5.13833	114.007
16	5.20296	116.344
16	5.26759	120.387
16	5.33223	123.366
16	5.39686	126.268
16	5.46149	129.274
16	5.52612	133.217
16	5.59076	136.011
16	5.65539	137.646
16	5.72002	142.605
16	5.78466	145.058
16	5.84929	147.908
16	5.91392	152.338
16	5.97856	154.246
16	6.04319	158.51
16	6.10782	161.671
16	6.17246	165.515
16	6.23709	168.227
16	6.30172	172.003
16	6.36635	175.296
16	6.43099	178.473
17	0.0323165	0
17	0.0969496	0
17	0.161583	0
17	0.226216	0
17	0.290849	0
17	0.355482	0
17	0.420115	0
17	0.484748	0
17	0.549381	0
17	0.614014	0
17	0.678647	0
17	0.74328	0
17	0.807913	0
17	0.872546	0.006
17	0.937179	0.583
17	1.00181	4.649
17	1.06645	10.084
17	1.13108	12.519
17	1.19571	13.095
17	1.26034	12.769
17	1.32498	12.478
17	1.38961	12.211
17	1.45424	12.299
17	1.51888	12.206
17	1.58351	13.188
17	1.64814	13.264
17	1.71278	14.14
17	1.77741	14.768
17	1.84204	15.616
17	1.90667	16.827
17	1.97131	18.329
17	2.03594	19
17	2.10057	20.466
17	2.16521	21.427
17	2.22984	22.805
17	2.29447	23.797
17	2.35911	24.895
17	2.42374	26.117
17	2.48837	27.486
17	2.55301	28.807
17	2.61764	30.28
17	2.68227	31.585
17	2.7469	33.146
17	2.81154	34.596
17	2.87617	36.475
17	2.9408	37.819
17	3.00544	39.263
17	3.07007	41.18
17	3.1347	42.583
17	3.19934	44.796
17	3.26397	46.222
17	3.3286	48.296
17	3.39323	50
17	3.45787	51.833
17	3.5225	53.72
17	3.58713	55.95
17	3.65177	58.277
17	3.7164	59.827
17	3.78103	62.436
17	3.84567	64.364
17	3.9103	66.289
17	3.97493	68.533
17	4.03957	70.356
17	4.1042	72.848
17	4.16883	75.632
17	4.23346	77.829
17	4.2981	80.032
17	4.36273	82.36
17	4.42736	84.601
17	4.492	87.625
17	4.55663	89.629
17	4.62126	92.583
17	4.6859	95.588
17	4.75053	97.719
17	4.81516	100.456
17	4.87979	102.627
17	4.94443	106.634
17	5.00906	108.589
17	5.07369	111.475
17	5.13833	114.442
17	5.20296	117.556
17	5.26759	120.343
17	5.33223	122.051
17	5.39686	126.127
17	5.46149	128.653
17	5.52612	132.696
17	5.59076	135.178
17	5.65539	138.39
17	5.72002	141.711
17	5.78466	145.241
17	5.84929	148.384
17	5.91392	151.525
17	5.97856	154.027
17	6.04319	156.859
17	6.10782	161.875
17	6.17246	165.196
17	6.23709	168.464
17	6.30172	171.886
17	6.36635	175.716
17	6.43099	179.082
18	0.0323165	0
18	0.0969496	0
18	0.161583	0
18	0.226216	0
18	0.290849	0
18	0.355482	0
18	0.420115	0
18	0.484748	0
18	0.549381	0
18	0.614014	0
18	0.678647	0
18	0.74328	0
18	0.807913	0
18	0.872546	0.002
18	0.937179	0.53
18	1.00181	4.677
18	1.06645	10.437
18	1.13108	12.477
18	1.19571	13.486
18	1.26034	12.807
18	1.32498	12.524
18	1.38961	12.403
18	1.45424	12.735
18	1.51888	12.449
18	1.58351	13.244
18	1.64814	13.477
18	1.71278	14.621
18	1.77741	15.117
18	1.84204	16.02
18	1.90667	16.823
18	1.97131	18.173
18	2.03594	19.099
18	2.10057	20.83
18	2.16521	21.823
18	2.22984	22.68
18	2.29447	24.044
18	2.35911	25.363
18	2.42374	26.739
18	2.48837	28.222
18	2.55301	29.627
18	2.61764	30.421
18	2.68227	31.604
18	2.7469	33.61
18	2.81154	34.473
18	2.87617	36.114
18	2.9408	37.865
18	3.00544	39.836
18	3.07007	40.995
18	3.1347	43.499
18	3.19934	44.59
18	3.26397	46.84
18	3.3286	48.162
18	3.39323	50.539
18	3.45787	52.406
18	3.5225	54.087
18	3.58713	55.916
18	3.65177	58.28
18	3.7164	59.392
18	3.78103	61.867
18	3.84567	64.352
18	3.9103	66.163
18	3.97493	68.349
18	4.03957	70.677
18	4.1042	72.387
18	4.16883	75.018
18	4.23346	77.449
18	4.2981	80.949
18	4.36273	82.855
18	4.42736	84.724
18	4.492	87.004
18	4.55663	90.054
18	4.62126	92.663
18	4.6859	94.793
18	4.75053	97.308
18	4.81516	100.649
18	4.87979	102.778
18	4.94443	105.927
18	5.00906	108.495
18	5.07369	111.348
18	5.13833	113.57
18	5.20296	117.087
18	5.26759	120.047
18	5.33223	123.082
18	5.39686	126.085
18	5.46149	129.342
18	5.52612	131.731
18	5.59076	135.543
18	5.65539	138.409
18	5.72002	141.36
18	5.78466	144.402
18	5.84929	147.483
18	5.91392	151.725
18	5.97856	154.448
18	6.04319	157.941
18	6.10782	161.758
18	6.17246	164.601
18	6.23709	168.634
18	6.30172	172.476
18	6.36635	174.851
18	6.43099	178.929
19	0.0323165	0
19	0.0969496	0
19	0.161583	0
19	0.226216	0
19	0.290849	0
19	0.355482	0
19	0.420115	0
19	0.484748	0
19	0.549381	0
19	0.614014	0
19	0.678647	0
19	0.74328	0
19	0.807913	0
19	0.872546	0.004
19	0.937179	0.588
19	1.00181	4.625
19	1.06645	10.157
19	1.13108	12.642
19	1.19571	12.91
19	1.26034	12.739
19	1.32498	12.238
19	1.38961	12.207
19	1.45424	12.231
19	1.51888	12.466
19	1.58351	12.962
19	1.64814	13.497
19	1.71278	14.485
19	1.77741	15.046
19	1.84204	15.642
19	1.90667	16.763
19	1.97131	17.509
19	2.03594	18.873
19	2.10057	20.192
19	2.16521	21.736
19	2.22984	22.765
19	2.29447	24.069
19	2.35911	25.139
19	2.42374	26.266
19	2.48837	27.495
19	2.55301	28.526
19	2.61764	29.857
19	2.68227	31.64
19	2.7469	33.367
19	2.81154	34.64
19	2.87617	36.362
19	2.9408	37.647
19	3.00544	39.187
19	3.07007	41.292
19	3.1347	43.249
19	3.19934	45.03
19	3.26397	46.434
19	3.3286	47.936
19	3.39323	50.035
19	3.45787	52.38
19	3.5225	53.598
19	3.58713	55.734
19	3.65177	57.71
19	3.7164	59.641
19	3.78103	61.926
19	3.84567	64.139
19	3.9103	66.629
19	3.97493	68.497
19	4.03957	70.651
19	4.1042	72.602
19	4.16883	75.217
19	4.23346	78.089
19	4.2981	80.413
19	4.36273	82.347
19	4.42736	85.164
19	4.492	88.388
19	4.55663	89.894
19	4.62126	92.837
19	4.6859	96.316
19	4.75053	97.475
19	4.81516	100.279
19	4.87979	103.24
19	4.94443	105.945
19	5.00906	108.753
19	5.07369	111.891
19	5.13833	114.26
19	5.20296	116.395
19	5.26759	119.832
19	5.33223	123.094
19	5.39686	125.909
19	5.46149	129.685
19	5.52612	132.253
19	5.59076	134.699
19	5.65539	138.077
19	5.72002	141.032
19	5.78466	144.521
19	5.84929	148.819
19	5.91392	150.867
19	5.97856	154.128
19	6.04319	157.034
19	6.10782	160.464
19	6.17246	164.181
19	6.23709	168.063
19	6.30172	171.044
19	6.36635	174.326
19	6.43099	178.321
20	0.0323165	0
20	0.0969496	0
20	0.161583	0
20	0.226216	0
20	0.290849	0
20	0.355482	0
20	0.420115	0
20	0.484748	0
20	0.549381	0
20	0.614014	0
20	0.678647	0
20	0.74328	0
20	0.807913	0
20	0.872546	0
20	0.937179	0.598
20	1.00181	4.898
20	1.06645	9.727
20	1.13108	13.071
20	1.19571	13.203
20	1.26034	12.72
20	1.32498	12.315
20	1.38961	12.301
20	1.45424	12.497
20	1.51888	12.246
20	1.58351	12.729
20	1.64814	13.39
20	1.71278	14.35
20	1.77741	15.075
20	1.84204	16.172
20	1.90667	16.691
20	1.97131	17.573
20	2.03594	19.402
20	2.10057	20.542
20	2.16521	21.839
20	2.22984	22.86
20	2.29447	23.355
20	2.35911	25.081
20	2.42374	26.192
20	2.48837	28.037
20	2.55301	29.212
20	2.61764	30.688
20	2.68227	31.928
20	2.7469	32.703
20	2.81154	34.688
20	2.87617	36.635
20	2.9408	37.846
20	3.00544	39.79
20	3.07007	40.677
20	3.1347	42.224
20	3.19934	44.649
20	3.26397	46.892
20	3.3286	48.052
20	3.39323	49.35
20	3.45787	51.468
20	3.5225	53.781
20	3.58713	55.945
20	3.65177	57.303
20	3.7164	59.313
20	3.78103	61.629
20	3.84567	64.505
20	3.9103	65.886
20	3.97493	67.998
20	4.03957	70.431
20	4.1042	72.639
20	4.16883	75.798
20	4.23346	77.376
20	4.2981	79.843
20	4.36273	82.558
20	4.42736	84.316
20	4.492	87.15
20	4.55663	89.131
20	4.62126	92.424
20	4.6859	94.089
20	4.75053	96.892
20	4.81516	100.049
20	4.87979	103.178
20	4.94443	106.408
20	5.00906	108.087
20	5.07369	110.939
20	5.13833	114.184
20	5.20296	116.692
20	5.26759	120.038
20	5.33223	122.91
20	5.39686	126.946
20	5.46149	128.867
20	5.52612	131.85
20	5.59076	135.717
20	5.65539	138.018
20	5.72002	142.209
20	5.78466	144.594
20	5.84929	147.393
20	5.91392	150.414
20	5.97856	153.999
20	6.04319	158.234
20	6.10782	160.618
20	6.17246	164.377
20	6.23709	169.115
20	6.30172	171.881
20	6.36635	175.875
20	6.43099	179.575
21	0.0323165	0
21	0.0969496	0
21	0.161583	0
21	0.226216	0
21	0.290849	0
21	0.355482	0
21	0.420115	0
21	0.484748	0
21	0.549381	0
21	0.614014	0
21	0.678647	0
21	0.74328	0
21	0.807913	0
21	0.872546	0.003
21	0.937179	0.519
21	1.00181	4.793
21	1.06645	10.198
21	1.13108	13.032
21	1.19571	13.622
21	1.26034	13.05
21	1.32498	12.156
21	1.38961	12.256
21	1.45424	12.589
21	1.51888	12.504
21	1.58351	13.115
21	1.64814	13.562
21	1.71278	14.144
21	1.77741	14.955
21	1.84204	16.403
21	1.90667	17.122
21	1.97131	18.072
21	2.03594	19.551
21	2.10057	20.231
21	2.16521	21.434
21	2.22984	23.173
21	2.29447	24.141
21	2.35911	25.409
21	2.42374	26.697
21	2.48837	27.902
21	2.55301	29.248
21	2.61764	31.026
21	2.68227	32.12
21	2.7469	33.539
21	2.81154	35.265
21	2.87617	36.605
21	2.9408	38.373
21	3.00544	39.833
21	3.07007	41.26
21	3.1347	42.914
21	3.19934	45.227
21	3.26397	46.711
21	3.3286	48.336
21	3.39323	50.472
21	3.45787	52.421
21	3.5225	54.236
21	3.58713	56.074
21	3.65177	58.446
21	3.7164	60.817
21	3.78103	62.247
21	3.84567	65.172
21	3.9103	67.301
21	3.97493	68.218
21	4.03957	70.791
21	4.1042	73.151
21	4.16883	75.563
21	4.23346	78.023
21	4.2981	80.849
21	4.36273	82.226
21	4.42736	84.301
21	4.492	87.271
21	4.55663	89.742
21	4.62126	92.802
21	4.6859	95.838
21	4.75053	97.757
21	4.81516	100.085
21	4.87979	103.568
21	4.94443	106.434
21	5.00906	109.241
21	5.07369	111.697
21	5.13833	113.803
21	5.20296	117.692
21	5.26759	119.423
21	5.33223	123.507
21	5.39686	125.742
21	5.46149	128.918
21	5.52612	131.016
21	5.59076	135.042
21	5.65539	138.553
21	5.72002	142.781
21	5.78466	144.231
21	5.84929	148.373
21	5.91392	151.153
21	5.97856	154.615
21	6.04319	158.307
21	6.10782	161.61
21	6.17246	165.812
21	6.23709	169.085
21	6.30172	171.383
21	6.36635	175.479
21	6.43099	179.112
22	0.0323165	0
22	0.0969496	0
22	0.161583	0
22	0.226216	0
22	0.290849	0
22	0.355482	0
22	0.420115	0
22	0.484748	0
22	0.549381	0
22	0.614014	0
22	0.678647	0
22	0.74328	0
22	0.807913	0
22	0.872546	0.001
22	0.937179	0.594
22	1.00181	4.589
22	1.06645	10.107
22	1.13108	12.779
22	1.19571	12.908
22	1.26034	12.511
22	1.32498	12.614
22	1.38961	12.324
22	1.45424	12.501
22	1.51888	12.487
22	1.58351	12.99
22	1.64814	13.703
22	1.71278	14.421
22	1.77741	15.194
22	1.84204	16.137
22	1.90667	16.963
22	1.97131	18.469
22	2.03594	19.479
22	2.10057	20.535
22	2.16521	21.611
22	2.22984	22.786
22	2.29447	24.295
22	2.35911	25.567
22	2.42374	26.488
22	2.48837	28.126
22	2.55301	29.007
22	2.61764	30.773
22	2.68227	32.34
22	2.7469	32.633
22	2.81154	34.551
22	2.87617	36.269
22	2.9408	38.176
22	3.00544	39.512
22	3.07007	40.929
22	3.1347	43.609
22	3.19934	45.314
22	3.26397	46.639
22	3.3286	48.391
22	3.39323	50.084
22	3.45787	51.818
22	3.5225	54.166
22	3.58713	55.901
22	3.65177	57.723
22	3.7164	59.976
22	3.78103	62.265
22	3.84567	64.708
22	3.9103	65.798
22	3.97493	68.522
22	4.03957	70.472
22	4.1042	73.458
22	4.16883	74.783
22	4.23346	77.128
22	4.2981	80.741
22	4.36273	82.243
22	4.42736	85.735
22	4.492	86.838
22	4.55663	89.47
22	4.62126	92.652
22	4.6859	95.067
22	4.75053	97.068
22	4.81516	100.073
22	4.87979	102.969
22	4.94443	105.532
22	5.00906	107.874
22	5.07369	111.362
22	5.13833	113.43
22	5.20296	117.403
22	5.26759	119.38
22	5.33223	122.957
22	5.39686	125.716
22	5.46149	128.468
22	5.52612	132.02
22	5.59076	134.478
22	5.65539	137.779
22	5.72002	140.237
22	5.78466	144.113
22	5.84929	147.477
22	5.91392	151.623
22	5.97856	154.665
22	6.04319	156.868
22	6.10782	161.299
22	6.17246	164.371
22	6.23709	169.017
22	6.30172	171.572
22	6.36635	174.604
22	6.43099	178.641
23	0.0323165	0
23	0.0969496	0
23	0.161583	0
23	0.226216	0
23	0.290849	0
23	0.355482	0
23	0.420115	0
23	0.484748	0
23	0.549381	0
23	0.614014	0
23	0.678647	0
23	0.74328	0
23	0.807913	0
23	0.872546	0.004
23	0.937179	0.509
23	1.00181	4.561
23	1.06645	10.076
23	1.13108	12.766
23	1.19571	13.23
23	1.26034	12.679
23	1.32498	12.342
23	1.38961	12.184
23	1.45424	12.467
23	1.51888	12.387
23	1.58351	12.937
23	1.64814	13.183
23	1.71278	14.093
23	1.77741	14.832
23	1.84204	16.198
23	1.90667	17.162
23	1.97131	17.809
23	2.03594	19.195
23	2.10057	20.031
23	2.16521	21.391
23	2.22984	22.854
23	2.29447	23.768
23	2.35911	25.464
23	2.42374	26.875
23	2.48837	27.925
23	2.55301	29.273
23	2.61764	30.513
23	2.68227	31.728
23	2.7469	33.61
23	2.81154	34.518
23	2.87617	36.038
23	2.9408	38.099
23	3.00544	39.172
23	3.07007	41.154
23	3.1347	42.803
23	3.19934	44.362
23	3.26397	46.543
23	3.3286	47.979
23	3.39323	50.333
23	3.45787	52.069
23	3.5225	53.849
23	3.58713	55.726
23	3.65177	57.658
23	3.7164	60.092
23	3.78103	62.06
23	3.84567	63.972
23	3.9103	66.236
23	3.97493	68.125
23	4.03957	70.891
23	4.1042	73.259
23	4.16883	75.269
23	4.23346	77.588
23	4.2981	79.734
23	4.36273	82.332
23	4.42736	85.243
23	4.492	86.9
23	4.55663	89.959
23	4.62126	92.946
23	4.6859	95.771
23	4.75053	98.195
23	4.81516	100.213
23	4.87979	102.886
23	4.94443	106.266
23	5.00906	108.432
23	5.07369	111.616
23	5.13833	114.539
23	5.20296	117.715
23	5.26759	120.298
23	5.33223	122.812
23	5.39686	126.281
23	5.46149	128.382
23	5.52612	132.998
23	5.59076	135.685
23	5.65539	138.387
23	5.72002	141.485
23	5.78466	143.982
23	5.84929	148.017
23	5.91392	151.818
23	5.97856	154.622
23	6.04319	159.268
23	6.10782	161.965
23	6.17246	164.93
23	6.23709	168.274
23	6.30172	171.087
23	6.36635	175.945
23	6.43099	178.746
24	0.0323165	0
24	0.0969496	0
24	0.161583	0
24	0.226216	0
24	0.290849	0
24	0.355482	0
24	0.420115	0
24	0.484748	0
24	0.549381	0
24	0.614014	0
24	0.678647	0
24	0.74328	0
24	0.807913	0
24	0.872546	0.004
24	0.937179	0.573
24	1.00181	4.802
24	1.06645	10.325
24	1.13108	12.706
24	1.19571	13.205
24	1.26034	12.744
24	1.32498	12.422
24	1.38961	12.338
24	1.45424	12.615
24	1.51888	12.526
24	1.58351	12.963
24	1.64814	13.759
24	1.71278	14.429
24	1.77741	15.178
24	1.84204	16.226
24	1.90667	17.068
24	1.97131	18.286
24	2.03594	19.555
24	2.10057	20.397
24	2.16521	21.848
24	2.22984	22.928
24	2.29447	24.002
24	2.35911	25.234
24	2.42374	26.471
24	2.48837	27.913
24	2.55301	28.994
24	2.61764	30.542
24	2.68227	31.649
24	2.7469	33.937
24	2.81154	34.895
24	2.87617	36.294
24	2.9408	37.914
24	3.00544	39.413
24	3.07007	41.697
24	3.1347	42.991
24	3.19934	44.686
24	3.26397	46.314
24	3.3286	48.595
24	3.39323	50.049
24	3.45787	51.912
24	3.5225	53.262
24	3.58713	55.843
24	3.65177	58.191
24	3.7164	59.685
24	3.78103	62.007
24	3.84567	64.534
24	3.9103	66.149
24	3.97493	68.987
24	4.03957	70.569
24	4.1042	72.934
24	4.16883	75.312
24	4.23346	78.47
24	4.2981	80.061
24	4.36273	82.41
24	4.42736	84.453
24	4.492	87.59
24	4.55663	90.511
24	4.62126	92.114
24	4.6859	94.718
24	4.75053	97.536
24	4.81516	100.71
24	4.87979	103.544
24	4.94443	105.425
24	5.00906	108.286
24	5.07369	110.794
24	5.13833	113.455
24	5.20296	117.377
24	5.26759	119.39
24	5.33223	123.017
24	5.39686	126.254
24	5.46149	128.592
24	5.52612	132.257
24	5.59076	135.805
24	5.65539	138.191
24	5.72002	141.365
24	5.78466	144.119
24	5.84929	148.342
24	5.91392	151.192
24	5.97856	154.391
24	6.04319	158.4
24	6.10782	161.209
24	6.17246	165.192
24	6.23709	169.33
24	6.30172	171.659
24	6.36635	176.339
24	6.43099	178.121
25	0.0323165	0
25	0.0969496	0
25	0.161583	0
25	0.226216	0
25	0.290849	0
25	0.355482	0
25	0.420115	0
25	0.484748	0
25	0.549381	0
25	0.614014	0
25	0.678647	0
25	0.74328	0
25	0.807913	0
25	0.872546	0.003
25	0.937179	0.626
25	1.00181	4.607
25	1.06645	10.266
25	1.13108	12.623
25	1.19571	13.104
25	1.26034	12.694
25	1.32498	12.404
25	1.38961	12.263
25	1.45424	12.468
25	1.51888	12.944
25	1.58351	13.17
25	1.64814	13.685
25	1.71278	14.316
25	1.77741	15.08
25	1.84204	15.634
25	1.90667	17.342
25	1.97131	18.068
25	2.03594	19.271
25	2.10057	20.038
25	2.16521	21.393
25	2.22984	22.951
25	2.29447	23.681
25	2.35911	25.485
25	2.42374	26.402
25	2.48837	28.058
25	2.55301	29.03
25	2.61764	30.587
25	2.68227	32.143
25	2.7469	33.244
25	2.81154	35.216
25	2.87617	36.33
25	2.9408	37.956
25	3.00544	39.919
25	3.07007	41.253
25	3.1347	43.071
25	3.19934	44.717
25	3.26397	47.193
25	3.3286	48.317
25	3.39323	50.301
25	3.45787	52.082
25	3.5225	54.128
25	3.58713	55.994
25	3.65177	58.149
25	3.7164	60.015
25	3.78103	62.175
25	3.84567	63.397
25	3.9103	66.306
25	3.97493	68.954
25	4.03957	70.525
25	4.1042	72.794
25	4.16883	75.494
25	4.23346	77.432
25	4.2981	79.91
25	4.36273	82.493
25	4.42736	85.396
25	4.492	87.441
25	4.55663	90.412
25	4.62126	92.516
25	4.6859	94.618
25	4.75053	97.314
25	4.81516	100.545
25	4.87979	103.468
25	4.94443	106.686
25	5.00906	108.271
25	5.07369	111.56
25	5.13833	113.379
25	5.20296	117.152
25	5.26759	120.263
25	5.33223	122.684
25	5.39686	126.607
25	5.46149	129.175
25	5.52612	132.197
25	5.59076	135.041
25	5.65539	138.51
25	5.72002	141.064
25	5.78466	144.556
25	5.84929	147.934
25	5.91392	151.201
25	5.97856	153.927
25	6.04319	158.389
25	6.10782	161.463
25	6.17246	165.171
25	6.23709	168.42
25	6.30172	172.774
25	6.36635	175.375
25	6.43099	179.032
26	0.0323165	0
26	0.0969496	0
26	0.161583	0
26	0.226216	0
26	0.290849	0
26	0.355482	0
26	0.420115	0
26	0.484748	0
26	0.549381	0
26	0.614014	0
26	0.678647	0
26	0.74328	0
26	0.807913	0
26	0.872546	0.004
26	0.937179	0.581
26	1.00181	4.624
26	1.06645	10.025
26	1.13108	12.719
26	1.19571	13.222
26	1.26034	12.929
26	1.32498	12.234
26	1.38961	12.395
26	1.45424	12.346
26	1.51888	12.432
26	1.58351	13.103
26	1.64814	13.762
26	1.71278	14.271
26	1.77741	15.245
26	1.84204	15.805
26	1.90667	16.89
26	1.97131	18.276
26	2.03594	19.307
26	2.10057	20.331
26	2.16521	21.778
26	2.22984	22.766
26	2.29447	23.622
26	2.35911	25.181
26	2.42374	26.763
26	2.48837	27.826
26	2.55301	29.393
26	2.61764	30.869
26	2.68227	32.195
26	2.7469	33.603
26	2.81154	34.7
26	2.87617	36.489
26	2.9408	37.666
26	3.00544	40.049
26	3.07007	41.254
26	3.1347	43.036
26	3.19934	44.96
26	3.26397	47.126
26	3.3286	48.593
26	3.39323	50.548
26	3.45787	52.637
26	3.5225	53.93
26	3.58713	55.969
26	3.65177	58.127
26	3.7164	59.984
26	3.78103	62.461
26	3.84567	63.877
26	3.9103	66.465
26	3.97493	68.793
26	4.03957	70.854
26	4.1042	72.897
26	4.16883	75.469
26	4.23346	78.088
26	4.2981	79.702
26	4.36273	82.616
26	4.42736	84.786
26	4.492	87.366
26	4.55663	90.148
26	4.62126	92.61
26	4.6859	95.115
26	4.75053	97.749
26	4.81516	100.549
26	4.87979	102.86
26	4.94443	104.953
26	5.00906	108.437
26	5.07369	111.23
26	5.13833	113.959
26	5.20296	117.204
26	5.26759	119.896
26	5.33223	122.296
26	5.39686	126.129
26	5.46149	128.648
26	5.52612	131.473
26	5.59076	135.413
26	5.65539	137.947
26	5.72002	141.652
26	5.78466	144.077
26	5.84929	147.883
26	5.91392	151.114
26	5.97856	153.514
26	6.04319	157.37
26	6.10782	161.213
26	6.17246	165.449
26	6.23709	168.186
26	6.30172	171.152
26	6.36635	175.363
26	6.43099	179.683
27	0.0323165	0
27	0.0969496	0
27	0.161583	0
27	0.226216	0
27	0.290849	0
27	0.355482	0
27	0.420115	0
27	0.484748	0
27	0.549381	0
27	0.614014	0
27	0.678647	0
27	0.74328	0
27	0.807913	0
27	0.872546	0.008
27	0.937179	0.581
27	1.00181	4.731
27	1.06645	9.876
27	1.13108	12.736
27	1.19571	12.857
27	1.26034	12.429
27	1.32498	12.325
27	1.38961	12.23
27	1.45424	12.573
27	1.51888	12.706
27	1.58351	13.278
27	1.64814	14.095
27	1.71278	14.263
27	1.77741	14.702
27	1.84204	15.912
27	1.90667	17.016
27	1.97131	17.863
27	2.03594	19.097
27	2.10057	20.259
27	2.16521	21.68
27	2.22984	22.846
27	2.29447	24.437
27	2.35911	25.176
27	2.42374	26.454
27	2.48837	27.758
27	2.55301	29.095
27	2.61764	30.347
27	2.68227	31.916
27	2.7469	33.614
27	2.81154	34.954
27	2.87617	36.495
27	2.9408	37.681
27	3.00544	39.526
27	3.07007	41.823
27	3.1347	43.493
27	3.19934	45.296
27	3.26397	46.525
27	3.3286	48.332
27	3.39323	50.655
27	3.45787	52.243
27	3.5225	54.453
27	3.58713	55.867
27	3.65177	57.1
27	3.7164	60.14
27	3.78103	62.388
27	3.84567	64.531
27	3.9103	66.586
27	3.97493	68.644
27	4.03957	71.382
27	4.1042	72.996
27	4.16883	75.425
27	4.23346	77.873
27	4.2981	79.511
27	4.36273	82.181
27	4.42736	85.121
27	4.492	87.126
27	4.55663	89.475
27	4.62126	92.195
27	4.6859	95.063
27	4.75053	98.055
27	4.81516	100.068
27	4.87979	102.791
27	4.94443	106.019
27	5.00906	108.569
27	5.07369	111.288
27	5.13833	113.721
27	5.20296	117.688
27	5.26759	119.884
27	5.33223	122.779
27	5.39686	125.951
27	5.46149	129.103
27	5.52612	132.002
27	5.59076	135.238
27	5.65539	139.442
27	5.72002	142.063
27	5.78466	143.645
27	5.84929	148.616
27	5.91392	151.103
27	5.97856	153.988
27	6.04319	158.51
27	6.10782	161.842
27	6.17246	164.598
27	6.23709	168.411
27	6.30172	173.102
27	6.36635	175.286
27	6.43099	178.994
28	0.0323165	0
28	0.0969496	0
28	0.161583	0
28	0.226216	0
28	0.290849	0
28	0.355482	0
28	0.420115	0
28	0.484748	0
28	0.549381	0
28	0.614014	0
28	0.678647	0
28	0.74328	0
28	0.807913	0
28	0.872546	0.004
28	0.937179	0.65
28	1.00181	4.68
28	1.06645	9.973
28	1.13108	12.7
28	1.19571	13.235
28	1.26034	12.731
28	1.32498	12.451
28	1.38961	12.359
28	1.45424	12.599
28	1.51888	12.945
28	1.58351	13.085
28	1.64814	13.878
28	1.71278	14.332
28	1.77741	15.216
28	1.84204	15.934
28	1.90667	16.929
28	1.97131	18.241
28	2.03594	19.283
28	2.10057	20.508
28	2.16521	21.551
28	2.22984	23.001
28	2.29447	23.971
28	2.35911	25
28	2.42374	26.795
28	2.48837	27.414
28	2.55301	29.368
28	2.61764	30.582
28	2.68227	32.039
28	2.7469	33.763
28	2.81154	34.781
28	2.87617	36.012
28	2.9408	37.924
28	3.00544	39.59
28	3.07007	41.157
28	3.1347	42.798
28	3.19934	44.38
28	3.26397	46.814
28	3.3286	48.144
28	3.39323	50.029
28	3.45787	52.132
28	3.5225	54.178
28	3.58713	56.135
28	3.65177	58.284
28	3.7164	60.099
28	3.78103	62.083
28	3.84567	64.3
28	3.9103	65.661
28	3.97493	68.338
28	4.03957	70.249
28	4.1042	72.929
28	4.16883	75.867
28	4.23346	78.053
28	4.2981	80.206
28	4.36273	82.828
28	4.42736	84.429
28	4.492	86.909
28	4.55663	90.279
28	4.62126	92.539
28	4.6859	94.807
28	4.75053	97.808
28	4.81516	100.054
28	4.87979	102.844
28	4.94443	105.05
28	5.00906	108.357
28	5.07369	111.864
28	5.13833	113.168
28	5.20296	116.53
28	5.26759	120.931
28	5.33223	123.844
28	5.39686	125.667
28	5.46149	128.697
28	5.52612	131.658
28	5.59076	135.547
28	5.65539	137.724
28	5.72002	141.675
28	5.78466	144.389
28	5.84929	148.426
28	5.91392	150.737
28	5.97856	153.953
28	6.04319	157.518
28	6.10782	160.588
28	6.17246	165.038
28	6.23709	168.362
28	6.30172	171.709
28	6.36635	175.996
28	6.43099	179.298
29	0.0323165	0
29	0.0969496	0
29	0.161583	0
29	0.226216	0
29	0.290849	0
29	0.355482	0
29	0.420115	0
29	0.484748	0
29	0.549381	0
29	0.614014	0
29	0.678647	0
29	0.74328	0
29	0.807913	0
29	0.872546	0.005
29	0.937179	0.553
29	1.00181	4.672
29	1.06645	10.641
29	1.13108	12.711
29	1.19571	13.295
29	1.26034	12.713
29	1.32498	12.394
29	1.38961	12.044
29	1.45424	12.218
29	1.51888	12.844
29	1.58351	13.043
29	1.64814	13.608
29	1.71278	14.23
29	1.77741	15.226
29	1.84204	16.134
29	1.90667	17.301
29	1.97131	18.343
29	2.03594	19.143
29	2.10057	20.631
29	2.16521	21.868
29	2.22984	22.636
29	2.29447	24.388
29	2.35911	25.539
29	2.42374	26.812
29	2.48837	28.481
29	2.55301	29.402
29	2.61764	30.736
29	2.68227	32.369
29	2.7469	33.541
29	2.81154	35.086
29	2.87617	36.55
29	2.9408	38.144
29	3.00544	39.696
29	3.07007	41.23
29	3.1347	43.372
29	3.19934	45.443
29	3.26397	46.353
29	3.3286	49.391
29	3.39323	50.517
29	3.45787	53.003
29	3.5225	54.923
29	3.58713	56.06
29	3.65177	58.624
29	3.7164	60.284
29	3.78103	62.179
29	3.84567	64.762
29	3.9103	66.061
29	3.97493	68.832
29	4.03957	70.397
29	4.1042	73.717
29	4.16883	75.781
29	4.23346	77.69
29	4.2981	80.233
29	4.36273	82.437
29	4.42736	85.094
29	4.492	88.017
29	4.55663	89.866
29	4.62126	92.686
29	4.6859	95.306
29	4.75053	98.298
29	4.81516	100.166
29	4.87979	103.329
29	4.94443	105.66
29	5.00906	108.193
29	5.07369	111.648
29	5.13833	115.149
29	5.20296	117.183
29	5.26759	120.102
29	5.33223	123.351
29	5.39686	126.105
29	5.46149	128.716
29	5.52612	131.996
29	5.59076	134.695
29	5.65539	138.758
29	5.72002	140.893
29	5.78466	145.041
29	5.84929	148.462
29	5.91392	150.758
29	5.97856	154.921
29	6.04319	156.662
29	6.10782	161.183
29	6.17246	164.171
29	6.23709	168.051
29	6.30172	171.584
29	6.36635	174.241
29	6.43099	178.824
30	0.0323165	0
30	0.0969496	0
30	0.161583	0
30	0.226216	0
30	0.290849	0
30	0.355482	0
30	0.420115	0
30	0.484748	0
30	0.549381	0
30	0.614014	0
30	0.678647	0
30	0.74328	0
30	0.807913	0
30	0.872546	0.005
30	0.937179	0.576
30	1.00181	4.625
30	1.06645	10.473
30	1.13108	12.7
30	1.19571	12.82
30	1.26034	12.835
30	1.32498	12.718
30	1.38961	12.023
30	1.45424	12.694
30	1.51888	12.769
30	1.58351	13.38
30	1.64814	13.802
30	1.71278	14.64
30	1.77741	15.446
30	1.84204	15.92
30	1.90667	17.34
30	1.97131	18.007
30	2.03594	19.491
30	2.10057	20.414
30	2.16521	21.938
30	2.22984	22.963
30	2.29447	23.743
30	2.35911	25.732
30	2.42374	26.658
30	2.48837	28.22
30	2.55301	29.389
30	2.61764	30.702
30	2.68227	32.041
30	2.7469	33.438
30	2.81154	35.164
30	2.87617	36.886
30	2.9408	38.472
30	3.00544	39.765
30	3.07007	41.358
30	3.1347	43.072
30	3.19934	44.604
30	3.26397	46.95
30	3.3286	48.473
30	3.39323	50.221
30	3.45787	52.389
30	3.5225	54.377
30	3.58713	56.557
30	3.65177	58.596
30	3.7164	60.836
30	3.78103	62.454
30	3.84567	64.202
30	3.9103	66.523
30	3.97493	68.617
30	4.03957	70.05
30	4.1042	73.275
30	4.16883	76.118
30	4.23346	77.57
30	4.2981	80.256
30	4.36273	82.614
30	4.42736	85.647
30	4.492	87.914
30	4.55663	89.702
30	4.62126	93.132
30	4.6859	95.603
30	4.75053	97.649
30	4.81516	100.237
30	4.87979	103.603
30	4.94443	106.164
30	5.00906	108.663
30	5.07369	111.69
30	5.13833	113.931
30	5.20296	117.353
30	5.26759	119.847
30	5.33223	123.314
30	5.39686	126.617
30	5.46149	129.325
30	5.52612	132.355
30	5.59076	135.063
30	5.65539	138.421
30	5.72002	141.534
30	5.78466	145.123
30	5.84929	147.803
30	5.91392	150.01
30	5.97856	153.552
30	6.04319	158.072
30	6.10782	161.256
30	6.17246	164.488
30	6.23709	167.776
30	6.30172	171.61
30	6.36635	175.416
30	6.43099	178.925
31	0.0323165	0
31	0.0969496	0
31	0.161583	0
31	0.226216	0
31	0.290849	0
31	0.355482	0
31	0.420115	0
31	0.484748	0
31	0.549381	0
31	0.614014	0
31	0.678647	0
31	0.74328	0
31	0.807913	0
31	0.872546	0.002
31	0.937179	0.524
31	1.00181	4.549
31	1.06645	10.205
31	1.13108	12.793
31	1.19571	12.807
31	1.26034	12.958
31	1.32498	12.565
31	1.38961	12.406
31	1.45424	12.326
31	1.51888	12.562
31	1.58351	13.04
31	1.64814	13.361
31	1.71278	14.156
31	1.77741	15.228
31	1.84204	15.806
31	1.90667	16.974
31	1.97131	17.976
31	2.03594	19.358
31	2.10057	20.606
31	2.16521	21.508
31	2.22984	22.619
31	2.29447	24.076
31	2.35911	25.397
31	2.42374	26.45
31	2.48837	27.792
31	2.55301	29.118
31	2.61764	30.74
31	2.68227	31.921
31	2.7469	33.579
31	2.81154	35.164
31	2.87617	36.417
31	2.9408	37.959
31	3.00544	39.495
31	3.07007	40.565
31	3.1347	43.147
31	3.19934	45.375
31	3.26397	46.578
31	3.3286	48.195
31	3.39323	50.92
31	3.45787	51.926
31	3.5225	53.884
31	3.58713	56.173
31	3.65177	58.011
31	3.7164	59.583
31	3.78103	62.607
31	3.84567	64.696
31	3.9103	66.227
31	3.97493	68.737
31	4.03957	70.887
31	4.1042	73.108
31	4.16883	76.035
31	4.23346	78.252
31	4.2981	79.636
31	4.36273	82.682
31	4.42736	84.681
31	4.492	87.471
31	4.55663	89.803
31	4.62126	92.152
31	4.6859	95.155
31	4.75053	98.41
31	4.81516	100.381
31	4.87979	103.024
31	4.94443	106.248
31	5.00906	108.99
31	5.07369	111.692
31	5.13833	113.497
31	5.20296	117.006
31	5.26759	119.741
31	5.33223	123.146
31	5.39686	126.012
31	5.46149	129.846
31	5.52612	130.915
31	5.59076	136.577
31	5.65539	138.775
31	5.72002	141.387
31	5.78466	144.758
31	5.84929	148.126
31	5.91392	151.371
31	5.97856	155.293
31	6.04319	158.039
31	6.10782	162.693
31	6.17246	165.309
31	6.23709	167.583
31	6.30172	171.389
31	6.36635	175.547
31	6.43099	178.826
32	0.0323165	0
32	0.0969496	0
32	0.161583	0
32	0.226216	0
32	0.290849	0
32	0.355482	0
32	0.420115	0
32	0.484748	0
32	0.549381	0
32	0.614014	0
32	0.678647	0
32	0.74328	0
32	0.807913	0
32	0.872546	0.004
32	0.937179	0.558
32	1.00181	4.837
32	1.06645	10.475
32	1.13108	12.812
32	1.19571	13.307
32	1.26034	12.811
32	1.32498	12.767
32	1.38961	12.269
32	1.45424	12.528
32	1.51888	12.813
32	1.58351	12.988
32	1.64814	13.914
32	1.71278	14.506
32	1.77741	15.131
32	1.84204	16.092
32	1.90667	17.339
32	1.97131	18.281
32	2.03594	18.969
32	2.10057	20.534
32	2.16521	21.621
32	2.22984	22.929
32	2.29447	24.431
32	2.35911	25.727
32	2.42374	26.543
32	2.48837	28.152
32	2.55301	29.911
32	2.61764	30.944
32	2.68227	32.14
32	2.7469	33.801
32	2.81154	34.748
32	2.87617	36.783
32	2.9408	37.969
32	3.00544	39.916
32	3.07007	42.113
32	3.1347	43.568
32	3.19934	45.466
32	3.26397	46.722
32	3.3286	49.001
32	3.39323	50.45
32	3.45787	52.676
32	3.5225	54.855
32	3.58713	56.433
32	3.65177	58.384
32	3.7164	60.228
32	3.78103	62.451
32	3.84567	64.601
32	3.9103	67.142
32	3.97493	69.036
32	4.03957	70.783
32	4.1042	73.617
32	4.16883	75.972
32	4.23346	77.483
32	4.2981	79.888
32	4.36273	82.653
32	4.42736	84.975
32	4.492	87.818
32	4.55663	89.383
32	4.62126	93.306
32	4.6859	95.592
32	4.75053	97.616
32	4.81516	100.337
32	4.87979	103.901
32	4.94443	106.292
32	5.00906	109.267
32	5.07369	111.819
32	5.13833	114.325
32	5.20296	118.247
32	5.26759	120.865
32	5.33223	122.725
32	5.39686	125.602
32	5.46149	129.152
32	5.52612	132.425
32	5.59076	135.824
32	5.65539	138.596
32	5.72002	141.618
32	5.78466	145.266
32	5.84929	147.946
32	5.91392	151.342
32	5.97856	154.589
32	6.04319	156.868
32	6.10782	161.037
32	6.17246	165.022
32	6.23709	168.438
32	6.30172	171.319
32	6.36635	175.57
32	6.43099	178.455
33	0.0323165	0
33	0.0969496	0
33	0.161583	0
33	0.226216	0
33	0.290849	0
33	0.355482	0
33	0.420115	0
33	0.484748	0
33	0.549381	0
33	0.614014	0
33	0.678647	0
33	0.74328	0
33	0.807913	0
33	0.872546	0.002
33	0.937179	0.529
33	1.00181	4.537
33	1.06645	9.793
33	1.13108	12.661
33	1.19571	12.89
33	1.26034	12.84
33	1.32498	12.361
33	1.38961	12.077
33	1.45424	12.295
33	1.51888	12.588
33	1.58351	13.017
33	1.64814	13.447
33	1.71278	14.025
33	1.77741	15.037
33	1.84204	15.677
33	1.90667	16.879
33	1.97131	17.933
33	2.03594	18.963
33	2.10057	20.428
33	2.16521	21.725
33	2.22984	22.751
33	2.29447	23.891
33	2.35911	25.085
33	2.42374	26.359
33	2.48837	27.492
33	2.55301	29.3
33	2.61764	30.722
33	2.68227	31.795
33	2.7469	33.228
33	2.81154	35.066
33	2.87617	36.559
33	2.9408	38.47
33	3.00544	39.236
33	3.07007	41.021
33	3.1347	43.134
33	3.19934	44.588
33	3.26397	46.047
33	3.3286	48.173
33	3.39323	50.261
33	3.45787	51.336
33	3.5225	53.673
33	3.58713	55.559
33	3.65177	58.038
33	3.7164	60.551
33	3.78103	62.058
33	3.84567	63.837
33	3.9103	66.729
33	3.97493	68.026
33	4.03957	70.305
33	4.1042	72.331
33	4.16883	75.286
33	4.23346	78.8
33	4.2981	80.31
33	4.36273	82.194
33	4.42736	84.535
33	4.492	87.126
33	4.55663	89.247
33	4.62126	92.868
33	4.6859	94.693
33	4.75053	96.988
33	4.81516	100.167
33	4.87979	103.494
33	4.94443	105.034
33	5.00906	108.58
33	5.07369	111.403
33	5.13833	114.315
33	5.20296	117.37
33	5.26759	119.95
33	5.33223	123.849
33	5.39686	126.082
33	5.46149	129.112
33	5.52612	132.149
33	5.59076	135.377
33	5.65539	139.475
33	5.72002	141.178
33	5.78466	145.738
33	5.84929	148.202
33	5.91392	151.146
33	5.97856	153.89
33	6.04319	158.256
33	6.10782	161.783
33	6.17246	164.919
33	6.23709	168.087
33	6.30172	171.577
33	6.36635	175.402
33	6.43099	178.441
34	0.0323165	0
34	0.0969496	0
34	0.161583	0
34	0.226216	0
34	0.290849	0
34	0.355482	0
34	0.420115	0
34	0.484748	0
34	0.549381	0
34	0.614014	0
34	0.678647	0
34	0.74328	0
34	0.807913	0
34	0.872546	0
34	0.937179	0.576
34	1.00181	4.529
34	1.06645	9.854
34	1.13108	12.909
34	1.19571	13.137
34	1.26034	12.972
34	1.32498	12.756
34	1.38961	12.4
34	1.45424	12.526
34	1.51888	12.585
34	1.58351	13.329
34	1.64814	13.436
34	1.71278	14.442
34	1.77741	15.132
34	1.84204	15.879
34	1.90667	17.046
34	1.97131	18.206
34	2.03594	19.186
34	2.10057	20.157
34	2.16521	21.437
34	2.22984	23.255
34	2.29447	24.114
34	2.35911	25.301
34	2.42374	26.873
34	2.48837	27.803
34	2.55301	29.512
34	2.61764	30.634
34	2.68227	32.359
34	2.7469	33.681
34	2.81154	35.428
34	2.87617	36.471
34	2.9408	38.173
34	3.00544	39.987
34	3.07007	41.495
34	3.1347	43.023
34	3.19934	45.158
34	3.26397	46.578
34	3.3286	48.722
34	3.39323	50.67
34	3.45787	52.022
34	3.5225	54.493
34	3.58713	56.397
34	3.65177	57.798
34	3.7164	60.178
34	3.78103	62.232
34	3.84567	64.205
34	3.9103	66.455
34	3.97493	68.936
34	4.03957	70.881
34	4.1042	73.059
34	4.16883	75.08
34	4.23346	77.654
34	4.2981	79.755
34	4.36273	81.998
34	4.42736	85.5
34	4.492	88.242
34	4.55663	90.259
34	4.62126	92.661
34	4.6859	95.327
34	4.75053	97.709
34	4.81516	100.276
34	4.87979	103.281
34	4.94443	106.972
34	5.00906	109.02
34	5.07369	111.187
34	5.13833	113.535
34	5.20296	117.107
34	5.26759	120.459
34	5.33223	123.47
34	5.39686	126.126
34	5.46149	129.886
34	5.52612	132.729
34	5.59076	135.785
34	5.65539	138.461
34	5.72002	142.025
34	5.78466	145.411
34	5.84929	148.122
34	5.91392	151.045
34	5.97856	154.68
34	6.04319	158.695
34	6.10782	161.12
34	6.17246	165.588
34	6.23709	168.264
34	6.30172	172.291
34	6.36635	176.425
34	6.43099	178.759
35	0.0323165	0
35	0.0969496	0
35	0.161583	0
35	0.226216	0
35	0.290849	0
35	0.355482	0
35	0.420115	0
35	0.484748	0
35	0.549381	0
35	0.614014	0
35	0.678647	0
35	0.74328	0
35	0.807913	0
35	0.872546	0.003
35	0.937179	0.612
35	1.00181	4.653
35	1.06645	10.198
35	1.13108	12.625
35	1.19571	13.208
35	1.26034	12.886
35	1.32498	12.742
35	1.38961	12.465
35	1.45424	12.222
35	1.51888	12.611
35	1.58351	12.858
35	1.64814	13.666
35	1.71278	14.666
35	1.77741	15.063
35	1.84204	16.004
35	1.90667	17.138
35	1.97131	18.072
35	2.03594	19.577
35	2.10057	20.624
35	2.16521	21.715
35	2.22984	23.012
35	2.29447	24.38
35	2.35911	25.676
35	2.42374	27.103
35	2.48837	27.841
35	2.55301	29.188
35	2.61764	30.992
35	2.68227	32.145
35	2.7469	33.561
35	2.81154	35.268
35	2.87617	36.452
35	2.9408	38.306
35	3.00544	39.946
35	3.07007	41.425
35	3.1347	43.334
35	3.19934	44.678
35	3.26397	46.854
35	3.3286	48.344
35	3.39323	50.367
35	3.45787	51.778
35	3.5225	53.534
35	3.58713	56.252
35	3.65177	58.235
35	3.7164	59.62
35	3.78103	61.763
35	3.84567	64.367
35	3.9103	66.594
35	3.97493	68.564
35	4.03957	71.007
35	4.1042	73.131
35	4.16883	75.342
35	4.23346	77.816
35	4.2981	79.92
35	4.36273	82.742
35	4.42736	84.958
35	4.492	87.488
35	4.55663	90.439
35	4.62126	92.862
35	4.6859	95.213
35	4.75053	97.852
35	4.81516	100.539
35	4.87979	102.238
35	4.94443	105.624
35	5.00906	108.185
35	5.07369	111.777
35	5.13833	114.681
35	5.20296	117.25
35	5.26759	120.204
35	5.33223	123.652
35	5.39686	126.547
35	5.46149	129.659
35	5.52612	132.003
35	5.59076	135.241
35	5.65539	138.099
35	5.72002	141.388
35	5.78466	145.193
35	5.84929	147.286
35	5.91392	151.411
35	5.97856	154.299
35	6.04319	158.374
35	6.10782	161.459
35	6.17246	165.086
35	6.23709	168.422
35	6.30172	170.689
35	6.36635	174.441
35	6.43099	179.259
36	0.0323165	0
36	0.0969496	0
36	0.161583	0
36	0.226216	0
36	0.290849	0
36	0.355482	0
36	0.420115	0
36	0.484748	0
36	0.549381	0
36	0.614014	0
36	0.678647	0
36	0.74328	0
36	0.807913	0
36	0.872546	0.004
36	0.937179	0.529
36	1.00181	4.911
36	1.06645	10.361
36	1.13108	12.804
36	1.19571	12.883
36	1.26034	12.514
36	1.32498	12.487
36	1.38961	12.301
36	1.45424	12.582
36	1.51888	12.644
36	1.58351	13.179
36	1.64814	13.57
36	1.71278	14.381
36	1.77741	15.256
36	1.84204	16.385
36	1.90667	16.966
36	1.97131	18.161
36	2.03594	19.129
36	2.10057	20.6
36	2.16521	21.616
36	2.22984	23.086
36	2.29447	24.187
36	2.35911	25.318
36	2.42374	27.076
36	2.48837	28.033
36	2.55301	29.192
36	2.61764	30.538
36	2.68227	32.024
36	2.7469	33.334
36	2.81154	35.235
36	2.87617	36.394
36	2.9408	38.315
36	3.00544	39.514
36	3.07007	41.49
36	3.1347	43.259
36	3.19934	44.589
36	3.26397	46.949
36	3.3286	48.276
36	3.39323	50.088
36	3.45787	52.349
36	3.5225	54.356
36	3.58713	56.093
36	3.65177	58.353
36	3.7164	59.42
36	3.78103	61.731
36	3.84567	64.523
36	3.9103	66.163
36	3.97493	69.396
36	4.03957	70.746
36	4.1042	73.053
36	4.16883	75.319
36	4.23346	77.887
36	4.2981	80.093
36	4.36273	82.361
36	4.42736	84.732
36	4.492	86.963
36	4.55663	90.178
36	4.62126	92.204
36	4.6859	95.8
36	4.75053	97.469
36	4.81516	100.368
36	4.87979	103.333
36	4.94443	105.797
36	5.00906	108.224
36	5.07369	111.761
36	5.13833	114.677
36	5.20296	117.075
36	5.26759	119.871
36	5.33223	122.78
36	5.39686	125.381
36	5.46149	128.942
36	5.52612	131.596
36	5.59076	135.07
36	5.65539	138.754
36	5.72002	142.009
36	5.78466	144.727
36	5.84929	148.424
36	5.91392	150.882
36	5.97856	153.905
36	6.04319	157.398
36	6.10782	161.285
36	6.17246	164.12
36	6.23709	168.368
36	6.30172	171.153
36	6.36635	175.128
36	6.43099	179.414
37	0.0323165	0
37	0.0969496	0
37	0.161583	0
37	0.226216	0
37	0.290849	0
37	0.355482	0
37	0.420115	0
37	0.484748	0
37	0.549381	0
37	0.614014	0
37	0.678647	0
37	0.74328	0
37	0.807913	0
37	0.872546	0.001
37	0.937179	0.61
37	1.00181	4.583
37	1.06645	10.131
37	1.13108	12.51
37	1.19571	12.797
37	1.26034	12.63
37	1.32498	12.508
37	1.38961	12.423
37	1.45424	12.177
37	1.51888	12.351
37	1.58351	12.922
37	1.64814	13.684
37	1.71278	14.546
37	1.77741	14.822
37	1.84204	15.885
37	1.90667	16.77
37	1.97131	18.009
37	2.03594	18.944
37	2.10057	20.33
37	2.16521	21.638
37	2.22984	22.621
37	2.29447	23.982
37	2.35911	25.511
37	2.42374	26.661
37	2.48837	27.817
37	2.55301	29.087
37	2.61764	30.267
37	2.68227	31.649
37	2.7469	33.387
37	2.81154	34.898
37	2.87617	36.756
37	2.9408	37.855
37	3.00544	39.974
37	3.07007	40.965
37	3.1347	42.656
37	3.19934	44.642
37	3.26397	46.159
37	3.3286	47.737
37	3.39323	50.257
37	3.45787	52.295
37	3.5225	53.967
37	3.58713	55.414
37	3.65177	57.774
37	3.7164	59.223
37	3.78103	61.821
37	3.84567	64.34
37	3.9103	66.333
37	3.97493	68.449
37	4.03957	70.607
37	4.1042	72.918
37	4.16883	75.138
37	4.23346	77.804
37	4.2981	79.66
37	4.36273	83.108
37	4.42736	84.886
37	4.492	87.205
37	4.55663	90.185
37	4.62126	92.758
37	4.6859	94.692
37	4.75053	97.313
37	4.81516	100.039
37	4.87979	102.74
37	4.94443	105.56
37	5.00906	108.561
37	5.07369	110.913
37	5.13833	114.268
37	5.20296	116.42
37	5.26759	119.329
37	5.33223	122.417
37	5.39686	126.488
37	5.46149	128.809
37	5.52612	131.766
37	5.59076	135.062
37	5.65539	139.056
37	5.72002	141.507
37	5.78466	144.798
37	5.84929	147.345
37	5.91392	151.478
37	5.97856	154.284
37	6.04319	157.689
37	6.10782	160.705
37	6.17246	165.71
37	6.23709	167.32
37	6.30172	171.973
37	6.36635	175.755
37	6.43099	177.549
38	0.0323165	0
38	0.0969496	0
38	0.161583	0
38	0.226216	0
38	0.290849	0
38	0.355482	0
38	0.420115	0
38	0.484748	0
38	0.549381	0
38	0.614014	0
38	0.678647	0
38	0.74328	0
38	0.807913	0
38	0.872546	0.012
38	0.937179	0.574
38	1.00181	4.734
38	1.06645	10.32
38	1.13108	12.594
38	1.19571	12.988
38	1.26034	12.637
38	1.32498	12.199
38	1.38961	12.272
38	1.45424	12.507
38	1.51888	12.559
38	1.58351	12.779
38	1.64814	13.641
38	1.71278	14.387
38	1.77741	15.32
38	1.84204	15.896
38	1.90667	17.054
38	1.97131	18.127
38	2.03594	19.159
38	2.10057	20.399
38	2.16521	21.873
38	2.22984	22.844
38	2.29447	24.056
38	2.35911	25.554
38	2.42374	26.794
38	2.48837	27.822
38	2.55301	29.354
38	2.61764	30.808
38	2.68227	32.486
38	2.7469	33.923
38	2.81154	34.661
38	2.87617	36.637
38	2.9408	37.889
38	3.00544	40.037
38	3.07007	41.158
38	3.1347	43.173
38	3.19934	44.872
38	3.26397	46.114
38	3.3286	48.505
38	3.39323	50.568
38	3.45787	52.574
38	3.5225	54.018
38	3.58713	55.723
38	3.65177	58.449
38	3.7164	60.591
38	3.78103	62.537
38	3.84567	64.205
38	3.9103	66.195
38	3.97493	68.638
38	4.03957	70.844
38	4.1042	73.505
38	4.16883	75.151
38	4.23346	77.35
38	4.2981	79.905
38	4.36273	83.496
38	4.42736	85.247
38	4.492	87.95
38	4.55663	89.776
38	4.62126	92.945
38	4.6859	95.885
38	4.75053	97.26
38	4.81516	100.879
38	4.87979	103.507
38	4.94443	105.493
38	5.00906	109.568
38	5.07369	111.503
38	5.13833	114.717
38	5.20296	117.571
38	5.26759	120.168
38	5.33223	122.704
38	5.39686	125.994
38	5.46149	128.868
38	5.52612	132.655
38	5.59076	135.371
38	5.65539	137.817
38	5.72002	142.249
38	5.78466	145.061
38	5.84929	147.501
38	5.91392	151.084
38	5.97856	154.707
38	6.04319	157.969
38	6.10782	161.142
38	6.17246	165.191
38	6.23709	168.156
38	6.30172	172.053
38	6.36635	175.173
38	6.43099	179.018
39	0.0323165	0
39	0.0969496	0
39	0.161583	0
39	0.226216	0
39	0.290849	0
39	0.355482	0
39	0.420115	0
39	0.484748	0
39	0.549381	0
39	0.614014	0
39	0.678647	0
39	0.74328	0
39	0.807913	0
39	0.872546	0
39	0.937179	0.549
39	1.00181	4.624
39	1.06645	10.265
39	1.13108	12.664
39	1.19571	13.038
39	1.26034	12.632
39	1.32498	12.148
39	1.38961	12.252
39	1.45424	12.341
39	1.51888	12.72
39	1.58351	13.005
39	1.64814	13.402
39	1.71278	14.137
39	1.77741	15.194
39	1.84204	15.928
39	1.90667	16.79
39	1.97131	17.804
39	2.03594	19.018
39	2.10057	20.377
39	2.16521	21.537
39	2.22984	22.966
39	2.29447	24.051
39	2.35911	24.904
39	2.42374	26.325
39	2.48837	28.263
39	2.55301	29.462
39	2.61764	30.715
39	2.68227	31.71
39	2.7469	33.12
39	2.81154	34.808
39	2.87617	36.665
39	2.9408	38.205
39	3.00544	39.753
39	3.07007	41.419
39	3.1347	43.001
39	3.19934	44.607
39	3.26397	46.566
39	3.3286	48.218
39	3.39323	50.162
39	3.45787	51.828
39	3.5225	54.297
39	3.58713	56.013
39	3.65177	58.068
39	3.7164	60.358
39	3.78103	61.822
39	3.84567	64.002
39	3.9103	66.103
39	3.97493	68.223
39	4.03957	69.877
39	4.1042	73.169
39	4.16883	75.358
39	4.23346	78.213
39	4.2981	80.773
39	4.36273	82.059
39	4.42736	85.207
39	4.492	86.74
39	4.55663	90.313
39	4.62126	92.405
39	4.6859	95.129
39	4.75053	97.84
39	4.81516	100.035
39	4.87979	103.474
39	4.94443	105.92
39	5.00906	108.657
39	5.07369	111.182
39	5.13833	114.061
39	5.20296	116.516
39	5.26759	119.506
39	5.33223	123.625
39	5.39686	125.72
39	5.46149	128.049
39	5.52612	132.432
39	5.59076	135.43
39	5.65539	137.865
39	5.72002	141.753
39	5.78466	146.089
39	5.84929	147.287
39	5.91392	151.391
39	5.97856	155.269
39	6.04319	157.918
39	6.10782	160.667
39	6.17246	164.884
39	6.23709	167.884
39	6.30172	170.865
39	6.36635	176.203
39	6.43099	178.271
40	0.0323165	0
40	0.0969496	0
40	0.161583	0
40	0.226216	0
40	0.290849	0
40	0.355482	0
40	0.420115	0
40	0.484748	0
40	0.549381	0
40	0.614014	0
40	0.678647	0
40	0.74328	0
40	0.807913	0
40	0.872546	0.002
40	0.937179	0.589
40	1.00181	4.64
40	1.06645	9.96
40	1.13108	12.32
40	1.19571	12.533
40	1.26034	12.759
40	1.32498	12.504
40	1.38961	12.054
40	1.45424	12.113
40	1.51888	12.505
40	1.58351	12.7
40	1.64814	13.571
40	1.71278	14.222
40	1.77741	14.975
40	1.84204	15.649
40	1.90667	16.8
40	1.97131	18.149
40	2.03594	18.822
40	2.10057	20.564
40	2.16521	21.228
40	2.22984	22.595
40	2.29447	23.576
40	2.35911	25.249
40	2.42374	26.118
40	2.48837	28.058
40	2.55301	29.31
40	2.61764	30.911
40	2.68227	31.622
40	2.7469	33.271
40	2.81154	34.505
40	2.87617	36.323
40	2.9408	37.494
40	3.00544	40.158
40	3.07007	41.244
40	3.1347	42.757
40	3.19934	44.336
40	3.26397	46.694
40	3.3286	48.566
40	3.39323	50.002
40	3.45787	51.929
40	3.5225	53.464
40	3.58713	56.039
40	3.65177	57.765
40	3.7164	60.725
40	3.78103	62.107
40	3.84567	64.253
40	3.9103	66.308
40	3.97493	68.246
40	4.03957	70.55
40	4.1042	73.171
40	4.16883	75.669
40	4.23346	77.177
40	4.2981	79.93
40	4.36273	82.387
40	4.42736	84.497
40	4.492	86.673
40	4.55663	89.117
40	4.62126	92.555
40	4.6859	95.165
40	4.75053	97.474
40	4.81516	99.756
40	4.87979	103.12
40	4.94443	106.256
40	5.00906	108.777
40	5.07369	111.645
40	5.13833	113.463
40	5.20296	117.003
40	5.26759	119.906
40	5.33223	122.68
40	5.39686	126.664
40	5.46149	128.675
40	5.52612	131.383
40	5.59076	135.181
40	5.65539	138.397
40	5.72002	140.948
40	5.78466	144.879
40	5.84929	148.114
40	5.91392	150.467
40	5.97856	156.094
40	6.04319	158.11
40	6.10782	160.895
40	6.17246	164.395
40	6.23709	167.971
40	6.30172	171.191
40	6.36635	175.279
40	6.43099	178.263
41	0.0323165	0
41	0.0969496	0
41	0.161583	0
41	0.226216	0
41	0.290849	0
41	0.355482	0
41	0.420115	0
41	0.484748	0
41	0.549381	0
41	0.614014	0
41	0.678647	0
41	0.74328	0
41	0.807913	0
41	0.872546	0.004
41	0.937179	0.595
41	1.00181	4.678
41	1.06645	10.053
41	1.13108	13.072
41	1.19571	13.106
41	1.26034	12.669
41	1.32498	12.407
41	1.38961	12.284
41	1.45424	12.508
41	1.51888	12.287
41	1.58351	13.045
41	1.64814	13.286
41	1.71278	14.118
41	1.77741	15.02
41	1.84204	16.158
41	1.90667	17.093
41	1.97131	18.194
41	2.03594	19.068
41	2.10057	20.146
41	2.16521	21.667
41	2.22984	22.696
41	2.29447	24.043
41	2.35911	25.016
41	2.42374	26.814
41	2.48837	27.686
41	2.55301	29.566
41	2.61764	30.587
41	2.68227	31.927
41	2.7469	33.649
41	2.81154	34.791
41	2.87617	36.402
41	2.9408	38.077
41	3.00544	39.446
41	3.07007	41.217
41	3.1347	42.831
41	3.19934	45.025
41	3.26397	46.581
41	3.3286	48.333
41	3.39323	50.161
41	3.45787	52.476
41	3.5225	54.025
41	3.58713	55.868
41	3.65177	58.46
41	3.7164	60.689
41	3.78103	62.786
41	3.84567	64.454
41	3.9103	66.177
41	3.97493	68.768
41	4.03957	71.5
41	4.1042	72.829
41	4.16883	75.27
41	4.23346	77.322
41	4.2981	79.791
41	4.36273	82.48
41	4.42736	85.244
41	4.492	87.196
41	4.55663	90.311
41	4.62126	92.53
41	4.6859	95.252
41	4.75053	97.922
41	4.81516	100.805
41	4.87979	102.932
41	4.94443	106.355
41	5.00906	109.252
41	5.07369	111.559
41	5.13833	114.818
41	5.20296	116.908
41	5.26759	120.041
41	5.33223	123.437
41	5.39686	125.644
41	5.46149	129.3
41	5.52612	131.73
41	5.59076	135.016
41	5.65539	138.261
41	5.72002	141.502
41	5.78466	145.08
41	5.84929	148.169
41	5.91392	151.258
41	5.97856	154.503
41	6.04319	157.457
41	6.10782	160.707
41	6.17246	165.802
41	6.23709	168.444
41	6.30172	171.899
41	6.36635	174.966
41	6.43099	179.212
42	0.0323165	0
42	0.0969496	0
42	0.161583	0
42	0.226216	0
42	0.290849	0
42	0.355482	0
42	0.420115	0
42	0.484748	0
42	0.549381	0
42	0.614014	0
42	0.678647	0
42	0.74328	0
42	0.807913	0
42	0.872546	0.004
42	0.937179	0.592
42	1.00181	4.523
42	1.06645	10.386
42	1.13108	12.999
42	1.19571	13.106
42	1.26034	12.701
42	1.32498	12.462
42	1.38961	12.443
42	1.45424	12.623
42	1.51888	12.917
42	1.58351	13.131
42	1.64814	13.471
42	1.71278	14.372
42	1.77741	15.058
42	1.84204	15.603
42	1.90667	16.974
42	1.97131	18.013
42	2.03594	19.1
42	2.10057	20.227
42	2.16521	21.527
42	2.22984	22.732
42	2.29447	23.892
42	2.35911	25.636
42	2.42374	26.49
42	2.48837	28.312
42	2.55301	29.389
42	2.61764	30.63
42	2.68227	32.103
42	2.7469	33.037
42	2.81154	34.379
42	2.87617	36.525
42	2.9408	38.217
42	3.00544	39.618
42	3.07007	41.214
42	3.1347	42.847
42	3.19934	44.853
42	3.26397	46.55
42	3.3286	48.551
42	3.39323	50.28
42	3.45787	51.784
42	3.5225	54.253
42	3.58713	56.155
42	3.65177	57.974
42	3.7164	59.739
42	3.78103	62.089
42	3.84567	64.316
42	3.9103	66.036
42	3.97493	68.759
42	4.03957	70.206
42	4.1042	73.304
42	4.16883	74.95
42	4.23346	77.96
42	4.2981	79.89
42	4.36273	82.232
42	4.42736	84.414
42	4.492	87.843
42	4.55663	89.894
42	4.62126	92.275
42	4.6859	95.407
42	4.75053	98.144
42	4.81516	100.258
42	4.87979	103.695
42	4.94443	106.411
42	5.00906	107.811
42	5.07369	110.726
42	5.13833	113.974
42	5.20296	116.662
42	5.26759	119.725
42	5.33223	122.443
42	5.39686	125.815
42	5.46149	128.953
42	5.52612	132.044
42	5.59076	135.003
42	5.65539	138.134
42	5.72002	141.942
42	5.78466	144.462
42	5.84929	147.947
42	5.91392	150.876
42	5.97856	154.011
42	6.04319	158.173
42	6.10782	160.84
42	6.17246	163.683
42	6.23709	167.937
42	6.30172	171.345
42	6.36635	174.228
42	6.43099	179.64
43	0.0323165	0
43	0.0969496	0
43	0.161583	0
43	0.226216	0
43	0.290849	0
43	0.355482	0
43	0.420115	0
43	0.484748	0
43	0.549381	0
43	0.614014	0
43	0.678647	0
43	0.74328	0
43	0.807913	0
43	0.872546	0.004
43	0.937179	0.554
43	1.00181	4.794
43	1.06645	10.578
43	1.13108	12.411
43	1.19571	13.029
43	1.26034	12.481
43	1.32498	12.403
43	1.38961	12.324
43	1.45424	12.681
43	1.51888	12.786
43	1.58351	13.117
43	1.64814	13.31
43	1.71278	14.102
43	1.77741	15.104
43	1.84204	16.035
43	1.90667	16.92
43	1.97131	18.214
43	2.03594	19.08
43	2.10057	20.546
43	2.16521	21.854
43	2.22984	22.608
43	2.29447	24.145
43	2.35911	25.467
43	2.42374	26.468
43	2.48837	27.646
43	2.55301	28.644
43	2.61764	30.548
43	2.68227	32.184
43	2.7469	32.949
43	2.81154	34.756
43	2.87617	36.632
43	2.9408	38.246
43	3.00544	39.933
43	3.07007	40.957
43	3.1347	43.042
43	3.19934	44.902
43	3.26397	46.331
43	3.3286	48.714
43	3.39323	49.73
43	3.45787	52.069
43	3.5225	54.013
43	3.58713	55.389
43	3.65177	57.837
43	3.7164	60.071
43	3.78103	62.231
43	3.84567	64.166
43	3.9103	66.172
43	3.97493	68.46
43	4.03957	71.587
43	4.1042	72.691
43	4.16883	75.58
43	4.23346	78.052
43	4.2981	79.961
43	4.36273	82.258
43	4.42736	84.627
43	4.492	86.952
43	4.55663	90.219
43	4.62126	92.23
43	4.6859	94.597
43	4.75053	97.23
43	4.81516	100.244
43	4.87979	103.112
43	4.94443	105.213
43	5.00906	108.384
43	5.07369	111.984
43	5.13833	113.749
43	5.20296	116.746
43	5.26759	119.647
43	5.33223	122.864
43	5.39686	126.048
43	5.46149	129.489
43	5.52612	132.574
43	5.59076	135.07
43	5.65539	138.264
43	5.72002	140.723
43	5.78466	144.947
43	5.84929	147.661
43	5.91392	151.274
43	5.97856	154.455
43	6.04319	158.309
43	6.10782	161.318
43	6.17246	164.861
43	6.23709	168.832
43	6.30172	172.133
43	6.36635	175.872
43	6.43099	179.558
44	0.0323165	0
44	0.0969496	0
44	0.161583	0
44	0.226216	0
44	0.290849	0
44	0.355482	0
44	0.420115	0
44	0.484748	0
44	0.549381	0
44	0.614014	0
44	0.678647	0
44	0.74328	0
44	0.807913	0
44	0.872546	0.002
44	0.937179	0.537
44	1.00181	4.744
44	1.06645	10.129
44	1.13108	12.918
44	1.19571	13.027
44	1.26034	12.953
44	1.32498	12.501
44	1.38961	12.497
44	1.45424	12.428
44	1.51888	12.598
44	1.58351	13.256
44	1.64814	13.537
44	1.71278	14.541
44	1.77741	15.217
44	1.84204	16.099
44	1.90667	17.38
44	1.97131	18.474
44	2.03594	19.357
44	2.10057	20.505
44	2.16521	21.809
44	2.22984	22.96
44	2.29447	24.244
44	2.35911	25.713
44	2.42374	26.477
44	2.48837	27.714
44	2.55301	29.322
44	2.61764	30.475
44	2.68227	31.942
44	2.7469	34.134
44	2.81154	35.251
44	2.87617	36.924
44	2.9408	38.652
44	3.00544	40.047
44	3.07007	41.89
44	3.1347	43.478
44	3.19934	45.185
44	3.26397	46.662
44	3.3286	48.601
44	3.39323	50.107
44	3.45787	52.157
44	3.5225	53.978
44	3.58713	56.033
44	3.65177	58.501
44	3.7164	60.303
44	3.78103	62.601
44	3.84567	64.578
44	3.9103	67.15
44	3.97493	68.89
44	4.03957	70.265
44	4.1042	72.354
44	4.16883	75.409
44	4.23346	77.093
44	4.2981	80.123
44	4.36273	82.491
44	4.42736	85.033
44	4.492	87.287
44	4.55663	90.086
44	4.62126	92.457
44	4.6859	95.629
44	4.75053	97.963
44	4.81516	100.829
44	4.87979	103.009
44	4.94443	105.505
44	5.00906	109.208
44	5.07369	111.782
44	5.13833	113.451
44	5.20296	117.82
44	5.26759	120.384
44	5.33223	122.783
44	5.39686	125.381
44	5.46149	128.739
44	5.52612	132.218
44	5.59076	135.244
44	5.65539	138.468
44	5.72002	140.077
44	5.78466	144.611
44	5.84929	147.978
44	5.91392	151.921
44	5.97856	154.44
44	6.04319	157.277
44	6.10782	161.755
44	6.17246	164.587
44	6.23709	168.82
44	6.30172	170.409
44	6.36635	175.384
44	6.43099	179.211
45	0.0323165	0
45	0.0969496	0
45	0.161583	0
45	0.226216	0
45	0.290849	0
45	0.355482	0
45	0.420115	0
45	0.484748	0
45	0.549381	0
45	0.614014	0
45	0.678647	0
45	0.74328	0
45	0.807913	0
45	0.872546	0.003
45	0.937179	0.571
45	1.00181	4.654
45	1.06645	10.277
45	1.13108	12.807
45	1.19571	13.085
45	1.26034	13.035
45	1.32498	12.512
45	1.38961	12.148
45	1.45424	12.361
45	1.51888	12.773
45	1.58351	13.486
45	1.64814	13.701
45	1.71278	14.85
45	1.77741	15.123
45	1.84204	15.899
45	1.90667	16.719
45	1.97131	18.278
45	2.03594	19.059
45	2.10057	20.382
45	2.16521	22.219
45	2.22984	22.647
45	2.29447	24.178
45	2.35911	25.047
45	2.42374	26.46
45	2.48837	28.327
45	2.55301	29.07
45	2.61764	30.415
45	2.68227	32.051
45	2.7469	33.105
45	2.81154	34.213
45	2.87617	36.209
45	2.9408	38.386
45	3.00544	39.351
45	3.07007	41.077
45	3.1347	42.792
45	3.19934	44.505
45	3.26397	46.609
45	3.3286	48.31
45	3.39323	50.476
45	3.45787	52.277
45	3.5225	53.748
45	3.58713	56.01
45	3.65177	58.113
45	3.7164	59.275
45	3.78103	61.863
45	3.84567	64.576
45	3.9103	65.765
45	3.97493	68.52
45	4.03957	70.055
45	4.1042	72.825
45	4.16883	75.158
45	4.23346	77.833
45	4.2981	80.109
45	4.36273	82.394
45	4.42736	84.946
45	4.492	87.447
45	4.55663	89.555
45	4.62126	92.316
45	4.6859	94.995
45	4.75053	97.594
45	4.81516	100.088
45	4.87979	103.08
45	4.94443	104.923
45	5.00906	108.075
45	5.07369	111.222
45	5.13833	114.029
45	5.20296	116.581
45	5.26759	120.41
45	5.33223	122.203
45	5.39686	126.886
45	5.46149	128.431
45	5.52612	131.093
45	5.59076	134.463
45	5.65539	138.956
45	5.72002	141.039
45	5.78466	143.984
45	5.84929	148.206
45	5.91392	151.785
45	5.97856	153.943
45	6.04319	158.006
45	6.10782	160.173
45	6.17246	164.624
45	6.23709	169.477
45	6.30172	170.845
45	6.36635	175.239
45	6.43099	178.529
46	0.0323165	0
46	0.0969496	0
46	0.161583	0
46	0.226216	0
46	0.290849	0
46	0.355482	0
46	0.420115	0
46	0.484748	0
46	0.549381	0
46	0.614014	0
46	0.678647	0
46	0.74328	0
46	0.807913	0
46	0.872546	0.001
46	0.937179	0.581
46	1.00181	4.698
46	1.06645	10.421
46	1.13108	12.662
46	1.19571	13.329
46	1.26034	12.436
46	1.32498	12.428
46	1.38961	12.251
46	1.45424	12.472
46	1.51888	12.822
46	1.58351	13.154
46	1.64814	13.666
46	1.71278	14.588
46	1.77741	15.31
46	1.84204	16.019
46	1.90667	16.927
46	1.97131	18.264
46	2.03594	19.409
46	2.10057	20.451
46	2.16521	21.319
46	2.22984	22.717
46	2.29447	24.09
46	2.35911	25.268
46	2.42374	26.752
46	2.48837	27.845
46	2.55301	29.138
46	2.61764	30.507
46	2.68227	31.9
46	2.7469	33.036
46	2.81154	35.071
46	2.87617	36.094
46	2.9408	38.3
46	3.00544	40.016
46	3.07007	40.74
46	3.1347	43.169
46	3.19934	44.664
46	3.26397	46.511
46	3.3286	48.339
46	3.39323	50.559
46	3.45787	52.05
46	3.5225	53.842
46	3.58713	55.75
46	3.65177	57.757
46	3.7164	59.737
46	3.78103	62.404
46	3.84567	63.953
46	3.9103	67.289
46	3.97493	68.662
46	4.03957	71.029
46	4.1042	72.882
46	4.16883	75.312
46	4.23346	77.861
46	4.2981	79.874
46	4.36273	82.39
46	4.42736	84.719
46	4.492	87.733
46	4.55663	88.985
46	4.62126	92.574
46	4.6859	95.267
46	4.75053	97.904
46	4.81516	100.237
46	4.87979	103.1
46	4.94443	106.574
46	5.00906	108.46
46	5.07369	110.509
46	5.13833	113.175
46	5.20296	117.465
46	5.26759	120.609
46	5.33223	123.263
46	5.39686	126.81
46	5.46149	128.845
46	5.52612	131.518
46	5.59076	135.643
46	5.65539	137.87
46	5.72002	141.356
46	5.78466	145.143
46	5.84929	148.533
46	5.91392	152.103
46	5.97856	155.6
46	6.04319	157.494
46	6.10782	160.964
46	6.17246	165.607
46	6.23709	168.589
46	6.30172	172.372
46	6.36635	175.307
46	6.43099	178.783
47	0.0323165	0
47	0.0969496	0
47	0.161583	0
47	0.226216	0
47	0.290849	0
47	0.355482	0
47	0.420115	0
47	0.484748	0
47	0.549381	0
47	0.614014	0
47	0.678647	0
47	0.74328	0
47	0.807913	0
47	0.872546	0.001
47	0.937179	0.558
47	1.00181	4.582
47	1.06645	10.33
47	1.13108	13.127
47	1.19571	12.984
47	1.26034	12.623
47	1.32498	12.733
47	1.38961	12.404
47	1.45424	12.222
47	1.51888	12.69
47	1.58351	13.221
47	1.64814	13.521
47	1.71278	14.083
47	1.77741	15.14
47	1.84204	15.842
47	1.90667	16.965
47	1.97131	17.974
47	2.03594	19.166
47	2.10057	20.567
47	2.16521	21.647
47	2.22984	22.738
47	2.29447	24.198
47	2.35911	25.263
47	2.42374	26.659
47	2.48837	28.259
47	2.55301	29.064
47	2.61764	30.411
47	2.68227	32.035
47	2.7469	33.51
47	2.81154	35.181
47	2.87617	36.769
47	2.9408	38.412
47	3.00544	39.82
47	3.07007	41.553
47	3.1347	43.101
47	3.19934	44.867
47	3.26397	47.026
47	3.3286	48.165
47	3.39323	49.928
47	3.45787	52.213
47	3.5225	53.602
47	3.58713	56.147
47	3.65177	58.322
47	3.7164	59.788
47	3.78103	62.256
47	3.84567	64.106
47	3.9103	66.438
47	3.97493	68.708
47	4.03957	71.985
47	4.1042	73.517
47	4.16883	75.885
47	4.23346	77.593
47	4.2981	80.051
47	4.36273	82.841
47	4.42736	84.806
47	4.492	87.837
47	4.55663	90.172
47	4.62126	92.694
47	4.6859	95.055
47	4.75053	97.52
47	4.81516	100.549
47	4.87979	102.224
47	4.94443	105.93
47	5.00906	108.584
47	5.07369	110.672
47	5.13833	113.691
47	5.20296	116.967
47	5.26759	118.931
47	5.33223	121.921
47	5.39686	126.104
47	5.46149	127.928
47	5.52612	131.725
47	5.59076	134.322
47	5.65539	139.112
47	5.72002	141.522
47	5.78466	144.615
47	5.84929	148.013
47	5.91392	151.667
47	5.97856	155.146
47	6.04319	157.135
47	6.10782	160.791
47	6.17246	164.512
47	6.23709	167.671
47	6.30172	171.477
47	6.36635	175.946
47	6.43099	178.963
48	0.0323165	0
48	0.0969496	0
48	0.161583	0
48	0.226216	0
48	0.290849	0
48	0.355482	0
48	0.420115	0
48	0.484748	0
48	0.549381	0
48	0.614014	0
48	0.678647	0
48	0.74328	0
48	0.807913	0
48	0.872546	0.003
48	0.937179	0.52
48	1.00181	4.623
48	1.06645	10.43
48	1.13108	12.506
48	1.19571	13.199
48	1.26034	12.753
48	1.32498	12.392
48	1.38961	12.206
48	1.45424	12.387
48	1.51888	12.814
48	1.58351	13.153
48	1.64814	13.835
48	1.71278	14.457
48	1.77741	15.248
48	1.84204	16.306
48	1.90667	16.844
48	1.97131	17.811
48	2.03594	19.889
48	2.10057	20.407
48	2.16521	21.487
48	2.22984	22.888
48	2.29447	24.468
48	2.35911	25.317
48	2.42374	26.465
48	2.48837	27.965
48	2.55301	29.294
48	2.61764	30.803
48	2.68227	32.379
48	2.7469	33.65
48	2.81154	34.84
48	2.87617	36.829
48	2.9408	38.454
48	3.00544	40.219
48	3.07007	41.348
48	3.1347	43.331
48	3.19934	44.707
48	3.26397	46.548
48	3.3286	48.617
48	3.39323	49.964
48	3.45787	51.99
48	3.5225	54.582
48	3.58713	56.089
48	3.65177	58.083
48	3.7164	60.744
48	3.78103	61.965
48	3.84567	63.691
48	3.9103	66.974
48	3.97493	68.269
48	4.03957	70.956
48	4.1042	73.384
48	4.16883	75.22
48	4.23346	77.795
48	4.2981	80.174
48	4.36273	81.921
48	4.42736	85.084
48	4.492	87.406
48	4.55663	89.271
48	4.62126	92.878
48	4.6859	95.434
48	4.75053	97.257
48	4.81516	100.355
48	4.87979	102.579
48	4.94443	105.833
48	5.00906	108.689
48	5.07369	110.974
48	5.13833	113.597
48	5.20296	116.613
48	5.26759	120.156
48	5.33223	122.025
48	5.39686	126.272
48	5.46149	128.561
48	5.52612	131.723
48	5.59076	135.188
48	5.65539	137.795
48	5.72002	141.463
48	5.78466	144.191
48	5.84929	147.008
48	5.91392	150.376
48	5.97856	153.92
48	6.04319	157.658
48	6.10782	160.714
48	6.17246	164.461
48	6.23709	167.694
48	6.30172	171.517
48	6.36635	175.301
48	6.43099	178.812
49	0.0323165	0
49	0.0969496	0
49	0.161583	0
49	0.226216	0
49	0.290849	0
49	0.355482	0
49	0.420115	0
49	0.484748	0
49	0.549381	0
49	0.614014	0
49	0.678647	0
49	0.74328	0
49	0.807913	0
49	0.872546	0.008
49	0.937179	0.548
49	1.00181	4.724
49	1.06645	10.044
49	1.13108	12.301
49	1.19571	13.407
49	1.26034	12.824
49	1.32498	12.51
49	1.38961	12.352
49	1.45424	12.415
49	1.51888	12.634
49	1.58351	12.862
49	1.64814	13.321
49	1.71278	14.179
49	1.77741	14.847
49	1.84204	15.48
49	1.90667	16.81
49	1.97131	18.059
49	2.03594	19.075
49	2.10057	20.274
49	2.16521	21.449
49	2.22984	22.824
49	2.29447	24.131
49	2.35911	24.929
49	2.42374	26.345
49	2.48837	27.986
49	2.55301	28.868
49	2.61764	29.852
49	2.68227	32.304
49	2.7469	33.152
49	2.81154	34.344
49	2.87617	36.319
49	2.9408	38.165
49	3.00544	39.701
49	3.07007	41.001
49	3.1347	42.489
49	3.19934	44.941
49	3.26397	46.012
49	3.3286	48.276
49	3.39323	49.572
49	3.45787	51.72
49	3.5225	53.396
49	3.58713	56.098
49	3.65177	57.24
49	3.7164	59.576
49	3.78103	61.329
49	3.84567	63.948
49	3.9103	66.172
49	3.97493	68.133
49	4.03957	70.193
49	4.1042	72.737
49	4.16883	74.696
49	4.23346	77.623
49	4.2981	80.082
49	4.36273	83.195
49	4.42736	84.403
49	4.492	87.35
49	4.55663	89.854
49	4.62126	92.49
49	4.6859	95.515
49	4.75053	97.599
49	4.81516	100.424
49	4.87979	102.859
49	4.94443	105.796
49	5.00906	109.163
49	5.07369	111.502
49	5.13833	114.22
49	5.20296	116.709
49	5.26759	120.383
49	5.33223	123.379
49	5.39686	125.131
49	5.46149	129.078
49	5.52612	131.696
49	5.59076	135.304
49	5.65539	139.023
49	5.72002	141.025
49	5.78466	144.484
49	5.84929	148.938
49	5.91392	150.965
49	5.97856	155.107
49	6.04319	158.32
49	6.10782	161.915
49	6.17246	163.995
49	6.23709	168.673
49	6.30172	172.729
49	6.36635	174.515
49	6.43099	177.885
50	0.0323165	0
50	0.0969496	0
50	0.161583	0
50	0.226216	0
50	0.290849	0
50	0.355482	0
50	0.420115	0
50	0.484748	0
50	0.549381	0
50	0.614014	0
50	0.678647	0
50	0.74328	0
50	0.807913	0
50	0.872546	0.002
50	0.937179	0.517
50	1.00181	4.679
50	1.06645	10.064
50	1.13108	12.613
50	1.19571	12.814
50	1.26034	12.901
50	1.32498	12.335
50	1.38961	12.241
50	1.45424	12.253
50	1.51888	12.534
50	1.58351	13.245
50	1.64814	13.602
50	1.71278	14.518
50	1.77741	14.784
50	1.84204	15.848
50	1.90667	16.783
50	1.97131	18.121
50	2.03594	18.792
50	2.10057	20.601
50	2.16521	21.543
50	2.22984	22.849
50	2.29447	23.861
50	2.35911	25.28
50	2.42374	26.21
50	2.48837	27.415
50	2.55301	30.054
50	2.61764	30.429
50	2.68227	31.542
50	2.7469	33.551
50	2.81154	34.963
50	2.87617	36.549
50	2.9408	37.645
50	3.00544	39.844
50	3.07007	41.282
50	3.1347	42.943
50	3.19934	44.669
50	3.26397	46.538
50	3.3286	48.382
50	3.39323	50.162
50	3.45787	51.886
50	3.5225	53.683
50	3.58713	56.299
50	3.65177	58.098
50	3.7164	59.957
50	3.78103	62.192
50	3.84567	64.542
50	3.9103	66.645
50	3.97493	68.639
50	4.03957	70.632
50	4.1042	73.196
50	4.16883	75.076
50	4.23346	77.251
50	4.2981	79.561
50	4.36273	81.9
50	4.42736	85.258
50	4.492	87.613
50	4.55663	89.621
50	4.62126	92.729
50	4.6859	95.621
50	4.75053	98.288
50	4.81516	99.956
50	4.87979	103.087
50	4.94443	105.871
50	5.00906	108.762
50	5.07369	111.908
50	5.13833	113.449
50	5.20296	116.674
50	5.26759	120.527
50	5.33223	123.007
50	5.39686	125.645
50	5.46149	129.593
50	5.52612	131.16
50	5.59076	135.264
50	5.65539	137.684
50	5.72002	141.741
50	5.78466	145.346
50	5.84929	147.605
50	5.91392	150.374
50	5.97856	154.849
50	6.04319	157.902
50	6.10782	160.753
50	6.17246	163.91
50	6.23709	168.174
50	6.30172	171.535
50	6.36635	175.064
50	6.43099	179.083
