1	0.02848	0
2	0.01562	0.00909339
3	0.0200267	0.0070496
4	0.01649	0.00611028
5	0.01856	0.0052271
6	0.01664	0.00469532
7	0.0175486	0.00411153
8	0.02065	0.00462159
9	0.0263867	0.00679184
10	0.0271	0.00615
11	0.0243273	0.00618445
12	0.0250667	0.00571311
13	0.0262369	0.00539216
14	0.0264743	0.00501223
15	0.025152	0.00484936
16	0.0245925	0.00457844
17	0.0237294	0.00438972
18	0.0222311	0.00439411
19	0.0230926	0.00424646
20	0.024132	0.00415939
21	0.0241962	0.00396182
22	0.0248182	0.00383025
23	0.0253183	0.00369622
24	0.0255367	0.00354866
25	0.02628	0.00348369
26	0.0265185	0.00335786
27	0.0267674	0.00324271
28	0.0270786	0.00314179
29	0.0285172	0.00334667
30	0.0281653	0.00325357
31	0.0286645	0.00318668
32	0.0292	0.00313176
33	0.0284133	0.0031341
34	0.0290553	0.00310698
35	0.0289463	0.00302012
36	0.0287389	0.00294334
37	0.0288249	0.00286504
38	0.0284947	0.0028086
39	0.028321	0.00274195
40	0.027862	0.00271155
41	0.0278049	0.00264602
42	0.02754	0.00259624
43	0.0276298	0.00253742
44	0.0272591	0.00250668
45	0.0274791	0.00246061
46	0.0278496	0.00243485
47	0.0281906	0.00240681
48	0.0286808	0.00240607
49	0.0289176	0.00236858
50	0.0289944	0.00232246
51	0.0294408	0.00231942
52	0.0291154	0.00229753
53	0.0290257	0.00225593
54	0.0290741	0.00221467
55	0.0289142	0.00218017
56	0.0291693	0.00215611
57	0.0288274	0.00214523
58	0.0282917	0.00217408
59	0.0280956	0.00214606
60	0.028524	0.00215263
61	0.0288052	0.00213564
62	0.0291077	0.00212251
63	0.029494	0.00212366
64	0.0290769	0.00213105
65	0.0291489	0.00209948
66	0.0290679	0.00206923
67	0.0291296	0.00203927
68	0.0288876	0.00202358
69	0.0288475	0.00199465
70	0.0290269	0.00197419
71	0.0293223	0.00196837
72	0.0293178	0.00194103
73	0.0291901	0.00191863
74	0.02874	0.00194479
75	0.0288021	0.00191986
76	0.0289453	0.00189992
77	0.0290171	0.00187661
78	0.0290108	0.00185256
79	0.0293256	0.00185566
80	0.0291855	0.00183775
81	0.0293422	0.00182173
82	0.0291663	0.00180798
83	0.0296607	0.00185256
84	0.0294057	0.00184797
85	0.0292753	0.00183083
86	0.0293135	0.00180994
87	0.0293743	0.00179015
88	0.0291309	0.00178627
89	0.0292153	0.0017682
90	0.0293502	0.00175369
91	0.0291982	0.00174099
92	0.0290848	0.00172576
93	0.0290723	0.00170725
94	0.0291196	0.00168974
95	0.0289112	0.00168476
96	0.0291204	0.00168016
97	0.0290111	0.00166639
98	0.0291886	0.0016588
99	0.0293317	0.00164821
100	0.0289656	0.0016719
1	0.01976	0
2	0.01831	0.0010253
3	0.0187667	0.000778622
4	0.02317	0.00385785
5	0.028852	0.00594586
6	0.0268967	0.00526659
7	0.0275286	0.00455197
8	0.0258075	0.00429603
9	0.0232689	0.00450677
10	0.025322	0.00449951
11	0.0255509	0.00409628
12	0.02628	0.00381926
13	0.0272292	0.00364152
14	0.0279071	0.00344393
15	0.029012	0.00338693
16	0.0300725	0.00333715
17	0.0299447	0.00314329
18	0.0293767	0.00301956
19	0.0291674	0.00286788
20	0.028494	0.00280242
21	0.0280629	0.00270193
22	0.0278582	0.00258686
23	0.0283365	0.00251822
24	0.0290867	0.00252255
25	0.0293344	0.00243379
26	0.02946	0.00234342
27	0.0293933	0.00225757
28	0.0293507	0.00217735
29	0.0283945	0.00230269
30	0.0285447	0.00223082
31	0.0291323	0.00223491
32	0.0291069	0.00216521
33	0.0289248	0.00210723
34	0.0287394	0.0020534
35	0.0289286	0.00200343
36	0.0292028	0.00196645
37	0.0287319	0.00196888
38	0.0288979	0.00192405
39	0.0289313	0.001875
40	0.029028	0.00183062
41	0.0290693	0.00178644
42	0.029379	0.00177056
43	0.0292563	0.00173363
44	0.029065	0.00170475
45	0.0292173	0.00167366
46	0.0289504	0.00165842
47	0.0290004	0.00162389
48	0.0290308	0.00159034
49	0.0290461	0.00155796
50	0.0287892	0.00154784
51	0.0289184	0.00152288
52	0.0289504	0.00149393
53	0.0287468	0.00147955
54	0.0289474	0.00146568
55	0.0290604	0.00144338
56	0.029055	0.00141762
57	0.0289596	0.00139595
58	0.0285169	0.00144039
59	0.0287146	0.00142947
60	0.0285243	0.00141825
61	0.0282974	0.00141304
62	0.0282235	0.00139218
63	0.0283283	0.00137401
64	0.0284678	0.00135961
65	0.0285178	0.00133962
66	0.0286048	0.00132214
67	0.0285328	0.00130437
68	0.0285474	0.00128527
69	0.0284559	0.00126989
70	0.0284929	0.00125228
71	0.0286059	0.00123974
72	0.0284961	0.00122737
73	0.0285238	0.00121087
74	0.02848	0.0011953
75	0.0282768	0.00119651
76	0.02843	0.00119053
77	0.0285519	0.0011813
78	0.0285208	0.00116657
79	0.028758	0.00117567
80	0.0287135	0.00116182
81	0.0289106	0.00116407
82	0.0290441	0.00115751
83	0.028979	0.0011454
84	0.029061	0.00113469
85	0.0290184	0.00112214
86	0.0286607	0.00116469
87	0.0287545	0.00115507
88	0.0286736	0.00114477
89	0.0288429	0.00114436
90	0.0289029	0.00113321
91	0.0288563	0.00112172
92	0.0287722	0.00111267
93	0.028483	0.00113766
94	0.02832	0.00113718
95	0.0282518	0.00112725
96	0.0281917	0.00111711
97	0.0280148	0.0011195
98	0.0280657	0.00110923
99	0.0283319	0.00112952
100	0.0281496	0.00113285
101	0.0282521	0.00112625
102	0.0283161	0.00111703
103	0.0283852	0.00110832
104	0.0282456	0.00110643
105	0.028327	0.00109889
106	0.0281572	0.00110158
107	0.0281692	0.00109135
108	0.0281144	0.00108261
109	0.027911	0.00109163
110	0.0278904	0.0010819
111	0.0277002	0.00108874
112	0.027665	0.00107959
113	0.0277166	0.00107127
114	0.0276888	0.00106223
115	0.027704	0.0010531
116	0.0277131	0.00104406
117	0.0275966	0.00104162
118	0.0273093	0.00107167
119	0.027275	0.00106322
120	0.0273032	0.00105473
121	0.0272617	0.00104683
122	0.0271769	0.00104168
123	0.0271585	0.00103337
124	0.0271018	0.0010266
125	0.0271446	0.00101928
126	0.0270976	0.00101227
127	0.0271726	0.00100707
128	0.0270397	0.00100794
129	0.027064	0.00100042
130	0.0271165	0.000994097
131	0.0269921	0.000994261
132	0.0270458	0.000988178
133	0.0269006	0.000991352
134	0.0270288	0.000992209
135	0.0270846	0.000986426
136	0.0269703	0.000985773
137	0.0271076	0.000988092
138	0.0270881	0.000981124
139	0.027158	0.000976551
140	0.027173	0.000969691
141	0.027066	0.000968703
142	0.0271707	0.000967528
143	0.0272361	0.000962969
144	0.0272379	0.000956283
145	0.0272564	0.000949867
146	0.0273103	0.000944887
147	0.0273835	0.000941295
148	0.0273768	0.000934959
149	0.027357	0.000928892
150	0.0273792	0.000922964
151	0.0272625	0.000924198
152	0.0270375	0.000945113
153	0.0270136	0.000939238
154	0.0270862	0.000935944
155	0.0272115	0.000938249
156	0.0271665	0.00093331
157	0.027191	0.000927685
158	0.027272	0.000925349
159	0.027095	0.000936315
160	0.0272336	0.000940674
161	0.0273184	0.000938642
162	0.027448	0.000941758
163	0.0273307	0.000943263
164	0.027333	0.000937515
165	0.0272527	0.000935267
166	0.0273388	0.000933585
167	0.0272159	0.000936045
168	0.0271615	0.000932051
169	0.0272411	0.000929922
170	0.0273496	0.00093077
171	0.0273451	0.000925337
172	0.0273077	0.000920716
173	0.0272536	0.000916978
174	0.0271926	0.000913735
175	0.0273641	0.000924462
176	0.0275031	0.000929594
177	0.0275546	0.000925768
178	0.0276644	0.000927056
179	0.02766	0.000921887
180	0.027707	0.000917963
181	0.0276156	0.000917432
182	0.0275152	0.00091787
183	0.0274828	0.000913424
184	0.027451	0.000909015
185	0.027588	0.00091437
186	0.0276208	0.000910041
187	0.0275934	0.000905586
188	0.0276085	0.000900896
189	0.0275305	0.000899502
190	0.0275689	0.00089559
191	0.0274916	0.000894233
192	0.0274009	0.000894162
193	0.0273113	0.000894011
194	0.0272791	0.000889984
195	0.0272406	0.00088625
196	0.02724	0.000881729
197	0.0271993	0.000878192
198	0.0270605	0.000884655
199	0.0269877	0.000883197
200	0.0270711	0.000882707
1	0.01934	0
2	0.0181	0.000876812
3	0.0186267	0.000725677
4	0.023065	0.00388205
5	0.028768	0.00597197
6	0.0268267	0.00528276
7	0.0274686	0.00456691
8	0.025755	0.00430554
9	0.0232222	0.00451102
10	0.02528	0.00450488
11	0.0255127	0.00410135
12	0.026245	0.00382438
13	0.0271969	0.00364675
14	0.0278771	0.00344912
15	0.028984	0.00339213
16	0.0300463	0.00334231
17	0.02992	0.00314809
18	0.0293533	0.00302377
19	0.0291453	0.00287177
20	0.028473	0.00280577
21	0.0280429	0.00270493
22	0.0278391	0.00258964
23	0.0283183	0.00252099
24	0.0290692	0.00252531
25	0.0293176	0.00243648
26	0.0294438	0.00234604
27	0.0293778	0.00226008
28	0.0293357	0.00217975
29	0.02838	0.0023046
30	0.0285307	0.0022327
31	0.0291187	0.00223678
32	0.0290938	0.00216702
33	0.0289121	0.00210895
34	0.0287271	0.00205502
35	0.0289166	0.00200503
36	0.0291911	0.00196804
37	0.0287205	0.0019703
38	0.0288868	0.00192546
39	0.0289205	0.00187638
40	0.0290175	0.00183198
41	0.029059	0.00178777
42	0.029369	0.00177188
43	0.0292465	0.0017349
44	0.0290555	0.00170596
45	0.029208	0.00167486
46	0.0289413	0.00165955
47	0.0289915	0.00162499
48	0.0290221	0.00159143
49	0.0290376	0.00155903
50	0.0287808	0.00154884
51	0.0289102	0.00152387
52	0.0289423	0.0014949
53	0.0287389	0.00148047
54	0.0289396	0.00146661
55	0.0290527	0.0014443
56	0.0290475	0.00141851
57	0.0289523	0.00139682
58	0.0285097	0.00144116
59	0.0287075	0.00143025
60	0.0285173	0.00141899
61	0.0282905	0.00141374
62	0.0282168	0.00139286
63	0.0283216	0.00137469
64	0.0284612	0.00136029
65	0.0285114	0.00134028
66	0.0285985	0.0013228
67	0.0285266	0.00130501
68	0.0285412	0.0012859
69	0.0284499	0.0012705
70	0.0284869	0.00125289
71	0.0286	0.00124034
72	0.0284903	0.00122796
73	0.0285181	0.00121145
74	0.0284743	0.00119587
75	0.0282712	0.00119706
76	0.0284245	0.00119108
77	0.0285465	0.00118184
78	0.0285154	0.0011671
79	0.0287527	0.0011762
80	0.0287083	0.00116233
81	0.0289054	0.00116459
82	0.029039	0.00115802
83	0.028974	0.0011459
84	0.029056	0.00113518
85	0.0290134	0.00112263
86	0.0286558	0.00116513
87	0.0287497	0.00115552
88	0.0286689	0.00114521
89	0.0288382	0.00114479
90	0.0288982	0.00113364
91	0.0288516	0.00112214
92	0.0287676	0.00111309
93	0.0284785	0.00113805
94	0.0283155	0.00113755
95	0.0282474	0.00112761
96	0.0281873	0.00111747
97	0.0280105	0.00111984
98	0.0280614	0.00110957
99	0.0283277	0.00112985
100	0.0281454	0.00113316
101	0.0282479	0.00112657
102	0.028312	0.00111735
103	0.0283812	0.00110864
104	0.0282415	0.00110674
105	0.028323	0.00109919
106	0.0281532	0.00110187
107	0.0281652	0.00109164
108	0.0281106	0.0010829
109	0.0279072	0.0010919
110	0.0278865	0.00108216
111	0.0276964	0.00108899
112	0.0276613	0.00107984
113	0.0277129	0.00107152
114	0.0276851	0.00106248
115	0.0277003	0.00105335
116	0.0277095	0.00104431
117	0.027593	0.00104186
118	0.0273058	0.00107189
119	0.0272714	0.00106343
120	0.0272997	0.00105495
121	0.0272582	0.00104704
122	0.0271734	0.00104189
123	0.0271551	0.00103358
124	0.0270984	0.0010268
125	0.0271413	0.00101948
126	0.0270943	0.00101247
127	0.0271693	0.00100727
128	0.0270364	0.00100813
129	0.0270608	0.00100061
130	0.0271132	0.000994286
131	0.0269889	0.000994444
132	0.0270426	0.000988361
133	0.0268974	0.000991528
134	0.0270257	0.000992385
135	0.0270815	0.000986602
136	0.0269672	0.000985944
137	0.0271045	0.000988264
138	0.0270851	0.000981294
139	0.027155	0.00097672
140	0.02717	0.000969859
141	0.027063	0.000968867
142	0.0271677	0.000967692
143	0.0272331	0.000963133
144	0.027235	0.000956446
145	0.0272535	0.000950029
146	0.0273074	0.000945049
147	0.0273807	0.000941457
148	0.0273739	0.00093512
149	0.0273542	0.000929051
150	0.0273764	0.000923122
151	0.0272597	0.000924351
152	0.0270347	0.000945257
153	0.0270108	0.000939381
154	0.0270835	0.000936087
155	0.0272088	0.000938392
156	0.0271638	0.000933451
157	0.0271883	0.000927825
158	0.0272694	0.000925489
159	0.0270923	0.000936449
160	0.027231	0.000940808
161	0.0273158	0.000938776
162	0.0274454	0.000941892
163	0.0273281	0.000943394
164	0.0273305	0.000937644
165	0.0272502	0.000935394
166	0.0273363	0.000933712
167	0.0272134	0.000936168
168	0.027159	0.000932173
169	0.0272386	0.000930044
170	0.0273472	0.000930891
171	0.0273427	0.000925458
172	0.0273052	0.000920835
173	0.0272512	0.000917096
174	0.0271902	0.000913851
175	0.0273617	0.000924578
176	0.0275007	0.00092971
177	0.0275522	0.000925884
178	0.027662	0.000927172
179	0.0276577	0.000922003
180	0.0277047	0.000918078
181	0.0276133	0.000917545
182	0.0275129	0.00091798
183	0.0274805	0.000913533
184	0.0274487	0.000909123
185	0.0275857	0.000914478
186	0.0276185	0.000910148
187	0.0275911	0.000905693
188	0.0276063	0.000901002
189	0.0275283	0.000899607
190	0.0275667	0.000895695
191	0.0274894	0.000894335
192	0.0273988	0.000894262
193	0.0273091	0.000894109
194	0.0272769	0.000890081
195	0.0272385	0.000886346
196	0.0272379	0.000881824
197	0.0271972	0.000878286
198	0.0270584	0.000884746
199	0.0269856	0.000883287
200	0.027069	0.000882796
