1	0.188863	0
2	0.192367	0.00247762
3	0.190606	0.0021899
4	0.194723	0.00392497
5	0.195569	0.00322998
6	0.196032	0.00272468
7	0.195374	0.00241358
8	0.196569	0.00238933
9	0.197745	0.00239602
10	0.199801	0.00290707
11	0.1985	0.00291928
12	0.198875	0.0027
13	0.199309	0.00252702
14	0.197828	0.00274661
15	0.196745	0.00276869
16	0.198784	0.00326109
17	0.198782	0.00306926
18	0.199165	0.00292255
19	0.199096	0.00276955
20	0.198914	0.00263707
21	0.197726	0.00276608
22	0.19803	0.00265699
23	0.198048	0.00254153
24	0.197962	0.00243708
25	0.197965	0.00233959
26	0.197913	0.00225017
27	0.197605	0.00218781
28	0.197596	0.00210969
29	0.19808	0.0020916
30	0.197927	0.00202743
31	0.197794	0.00196642
32	0.197563	0.00191848
33	0.197599	0.00186068
34	0.197633	0.00180628
35	0.198105	0.00181521
36	0.198028	0.0017664
37	0.19797	0.00171962
38	0.197862	0.00167776
39	0.197866	0.00163474
40	0.19777	0.00159672
41	0.197528	0.00157602
42	0.197678	0.0015456
43	0.197512	0.00151854
44	0.197663	0.00149159
45	0.197614	0.00145927
46	0.197304	0.00146006
47	0.197585	0.00145586
48	0.197537	0.00142635
49	0.198011	0.00147414
50	0.197913	0.00144792
51	0.197865	0.00142031
52	0.197946	0.0013953
53	0.197846	0.00137259
54	0.198207	0.00139382
55	0.198005	0.001383
56	0.198145	0.00136537
57	0.197884	0.00136622
58	0.197844	0.00134323
59	0.19795	0.00132465
60	0.197907	0.00130327
61	0.198131	0.00130096
62	0.19845	0.0013185
63	0.198502	0.0012986
64	0.198784	0.00130859
65	0.19867	0.00129339
66	0.198531	0.00128128
67	0.198425	0.00126654
68	0.198365	0.00124934
69	0.198272	0.00123468
70	0.19789	0.00127486
71	0.197746	0.001265
72	0.197658	0.00125044
73	0.197758	0.00123724
74	0.197809	0.00122161
75	0.197792	0.00120544
76	0.197704	0.0011928
77	0.197889	0.00119152
78	0.197759	0.00118334
79	0.197835	0.00117079
80	0.197923	0.0011595
81	0.198004	0.00114801
82	0.198104	0.00113837
83	0.198306	0.00114239
84	0.19827	0.00112937
85	0.198298	0.00111643
86	0.198331	0.00110393
87	0.198339	0.00109127
88	0.198459	0.00108538
89	0.198336	0.0010801
90	0.198493	0.00107945
91	0.198569	0.00107028
92	0.198503	0.00106068
93	0.198556	0.0010506
94	0.198671	0.00104566
95	0.198649	0.00103489
96	0.198588	0.00102589
97	0.198551	0.00101597
98	0.198558	0.00100563
99	0.198641	0.00099883
100	0.198591	0.000990083
1	0.191223	0
2	0.19374	0.00177963
3	0.195407	0.00180567
4	0.196379	0.0015946
5	0.196977	0.00138312
6	0.197092	0.00115741
7	0.194738	0.00239515
8	0.195831	0.00233194
9	0.197516	0.0026116
10	0.198246	0.00245026
11	0.198005	0.0022393
12	0.198389	0.00208538
13	0.198353	0.00192527
14	0.197678	0.00190248
15	0.197725	0.00177621
16	0.197756	0.00166548
17	0.198318	0.0016594
18	0.198145	0.00157613
19	0.197992	0.00150061
20	0.198112	0.0014304
21	0.198514	0.00141747
22	0.198521	0.00135306
23	0.198435	0.00129695
24	0.198606	0.00125412
25	0.198809	0.00122029
26	0.198832	0.00117357
27	0.198582	0.00115648
28	0.198431	0.00112488
29	0.198192	0.00111131
30	0.198189	0.00107427
31	0.198537	0.00109467
32	0.198436	0.00106512
33	0.198356	0.00103587
34	0.198384	0.00100578
35	0.198423	0.000977828
36	0.19845	0.000951024
37	0.198291	0.000938467
38	0.198244	0.000914965
39	0.198145	0.000896875
40	0.198196	0.000875943
41	0.19842	0.000882726
42	0.19827	0.000874409
43	0.198597	0.000913182
44	0.198643	0.000893607
45	0.198682	0.000874602
46	0.198678	0.000855598
47	0.198768	0.000842032
48	0.198552	0.00085169
49	0.198334	0.000861605
50	0.198431	0.000849743
51	0.198589	0.000847636
52	0.198639	0.000832818
53	0.19875	0.00082443
54	0.198733	0.000809331
55	0.198656	0.000798284
56	0.198734	0.000787824
57	0.198748	0.00077414
58	0.198608	0.000773467
59	0.198496	0.000768356
60	0.198607	0.00076343
61	0.198605	0.000750917
62	0.198776	0.000758221
63	0.198799	0.000746523
64	0.198903	0.000742108
65	0.198885	0.000730913
66	0.198879	0.000719869
67	0.199022	0.000723305
68	0.199043	0.000712982
69	0.198847	0.000729078
70	0.19875	0.000725132
71	0.198763	0.000715037
72	0.198666	0.000711701
73	0.198522	0.000716306
74	0.198427	0.000712908
75	0.198453	0.000703884
76	0.198287	0.000714054
77	0.198462	0.000725911
78	0.198426	0.000717462
79	0.198451	0.000708804
80	0.198554	0.000707354
81	0.198564	0.000698689
82	0.198586	0.000690514
83	0.198471	0.000691617
84	0.198489	0.000683604
85	0.198466	0.000675945
86	0.198535	0.000671591
87	0.19862	0.000669297
88	0.198518	0.000669407
89	0.198435	0.000667008
90	0.198404	0.00066032
91	0.198492	0.000658901
92	0.198461	0.000652463
93	0.198499	0.000646546
94	0.19841	0.000645865
95	0.198375	0.000639981
96	0.198399	0.000633745
97	0.198398	0.000627212
98	0.198441	0.000622237
99	0.198526	0.000621773
100	0.19845	0.000620233
101	0.19844	0.000614165
102	0.198347	0.000615106
103	0.19831	0.000610243
104	0.198314	0.000604389
105	0.198264	0.000600753
106	0.198295	0.0005959
107	0.198248	0.00059218
108	0.198352	0.000595823
109	0.198323	0.000591087
110	0.198261	0.000588957
111	0.198311	0.000585759
112	0.198383	0.00058502
113	0.198272	0.000590305
114	0.198274	0.000585129
115	0.198258	0.000580244
116	0.19823	0.000575936
117	0.198247	0.000571256
118	0.198232	0.000566608
119	0.198229	0.000561855
120	0.198266	0.000558412
121	0.198334	0.000557894
122	0.198294	0.000554694
123	0.198312	0.000550448
124	0.198317	0.00054604
125	0.198199	0.000554441
126	0.198142	0.000552888
127	0.198149	0.000548572
128	0.198259	0.000555143
129	0.198224	0.000551936
130	0.198189	0.000548805
131	0.198175	0.000544789
132	0.198207	0.000541589
133	0.19822	0.000537691
134	0.198229	0.000533753
135	0.198167	0.000533451
136	0.198149	0.000529819
137	0.198154	0.000525972
138	0.198255	0.000531891
139	0.198199	0.000530997
140	0.198244	0.000529095
141	0.198238	0.000525375
142	0.198263	0.00052225
143	0.198294	0.000519498
144	0.198244	0.000518275
145	0.198279	0.000515875
146	0.198295	0.000512589
147	0.198271	0.000509638
148	0.198236	0.000507418
149	0.198311	0.000509511
150	0.19826	0.000508619
151	0.198231	0.000506086
152	0.198251	0.000503135
153	0.198303	0.000502549
154	0.19823	0.000504598
155	0.198201	0.000502184
156	0.198246	0.000501011
157	0.198287	0.000499537
158	0.198355	0.000500952
159	0.198296	0.000501288
160	0.198263	0.000499233
161	0.19822	0.000498019
162	0.198268	0.000497246
163	0.198196	0.000499324
164	0.198201	0.000496306
165	0.198256	0.000496291
166	0.19825	0.000493335
167	0.198227	0.000490934
168	0.198243	0.00048827
169	0.198227	0.000485613
170	0.19832	0.000491535
171	0.198307	0.000488826
172	0.198305	0.000485993
173	0.198291	0.000483361
174	0.198288	0.000480598
175	0.198274	0.000478036
176	0.198308	0.000476528
177	0.198324	0.000474086
178	0.198263	0.000475336
179	0.198238	0.000473347
180	0.198313	0.000476656
181	0.198298	0.000474248
182	0.19827	0.000472474
183	0.198253	0.000470209
184	0.198264	0.000467786
185	0.198301	0.000466692
186	0.198314	0.000464382
187	0.19832	0.000461935
188	0.198336	0.000459743
189	0.198309	0.000458092
190	0.198314	0.000455714
191	0.198248	0.000458134
192	0.198163	0.000463643
193	0.198124	0.000462832
194	0.19813	0.00046048
195	0.198142	0.000458288
196	0.198163	0.000456434
197	0.198202	0.00045579
198	0.198235	0.000454664
199	0.198233	0.000452385
200	0.198219	0.000450348
1	0.191775	0
2	0.194016	0.00158469
3	0.195591	0.00166443
4	0.196517	0.00148379
5	0.197087	0.00129188
6	0.197184	0.00108021
7	0.194816	0.0023797
8	0.1959	0.00231576
9	0.197577	0.00259579
10	0.198301	0.00243497
11	0.198055	0.00222597
12	0.198435	0.00207265
13	0.198396	0.00191358
14	0.197718	0.00189329
15	0.197761	0.00176758
16	0.197791	0.00165735
17	0.19835	0.00165152
18	0.198176	0.00156892
19	0.198021	0.00149397
20	0.19814	0.00142399
21	0.19854	0.00141126
22	0.198546	0.00134712
23	0.198459	0.00129135
24	0.198629	0.00124867
25	0.198831	0.00121498
26	0.198853	0.00116845
27	0.198602	0.00115183
28	0.198451	0.00112053
29	0.198211	0.00110735
30	0.198207	0.00107044
31	0.198555	0.00109097
32	0.198454	0.0010616
33	0.198373	0.00103251
34	0.1984	0.0010025
35	0.198439	0.000974632
36	0.198465	0.000947906
37	0.198306	0.000935544
38	0.198258	0.000912143
39	0.198159	0.000894182
40	0.19821	0.000873301
41	0.198434	0.000880148
42	0.198283	0.000871983
43	0.19861	0.000910859
44	0.198656	0.000891325
45	0.198695	0.000872361
46	0.19869	0.000853407
47	0.198779	0.000839872
48	0.198563	0.000849704
49	0.198346	0.00085978
50	0.198442	0.00084794
51	0.1986	0.00084586
52	0.19865	0.000831067
53	0.19876	0.0008227
54	0.198743	0.000807638
55	0.198666	0.000796647
56	0.198744	0.000786207
57	0.198758	0.000772548
58	0.198617	0.000771958
59	0.198506	0.000766911
60	0.198616	0.000762002
61	0.198614	0.000749513
62	0.198785	0.000756842
63	0.198808	0.000745163
64	0.198912	0.000740763
65	0.198894	0.000729592
66	0.198887	0.00071857
67	0.19903	0.000722026
68	0.199052	0.000711718
69	0.198855	0.000727909
70	0.198758	0.000724006
71	0.198771	0.000713925
72	0.198674	0.000710629
73	0.19853	0.00071529
74	0.198435	0.000711928
75	0.198461	0.000702914
76	0.198294	0.000713146
77	0.198469	0.000725018
78	0.198434	0.000716586
79	0.198458	0.000707936
80	0.198561	0.000706494
81	0.19857	0.000697838
82	0.198592	0.000689671
83	0.198478	0.000690809
84	0.198495	0.000682804
85	0.198472	0.000675158
86	0.198541	0.00067081
87	0.198627	0.000668521
88	0.198525	0.00066866
89	0.198442	0.000666283
90	0.19841	0.000659607
91	0.198498	0.000658194
92	0.198467	0.000651767
93	0.198505	0.000645856
94	0.198415	0.000645197
95	0.198381	0.000639324
96	0.198404	0.000633093
97	0.198404	0.000626567
98	0.198446	0.000621596
99	0.198532	0.000621137
100	0.198455	0.000619615
101	0.198446	0.000613553
102	0.198353	0.000614515
103	0.198316	0.000609663
104	0.19832	0.000603813
105	0.198269	0.00060019
106	0.1983	0.00059534
107	0.198253	0.00059163
108	0.198358	0.000595279
109	0.198328	0.000590551
110	0.198266	0.000588434
111	0.198316	0.000585238
112	0.198388	0.000584502
113	0.198277	0.000589809
114	0.198279	0.000584637
115	0.198263	0.000579758
116	0.198235	0.000575457
117	0.198251	0.00057078
118	0.198236	0.000566137
119	0.198233	0.000561389
120	0.19827	0.000557947
121	0.198338	0.000557433
122	0.198299	0.00055424
123	0.198316	0.000549996
124	0.198322	0.000545592
125	0.198203	0.000554014
126	0.198147	0.00055247
127	0.198153	0.000548158
128	0.198263	0.000554733
129	0.198228	0.000551532
130	0.198193	0.000548407
131	0.198179	0.000544395
132	0.198211	0.000541197
133	0.198224	0.000537301
134	0.198233	0.000533365
135	0.198171	0.000533073
136	0.198153	0.000529445
137	0.198158	0.0005256
138	0.198259	0.000531523
139	0.198203	0.000530637
140	0.198248	0.000528736
141	0.198242	0.000525019
142	0.198267	0.000521896
143	0.198298	0.000519145
144	0.198248	0.000517928
145	0.198283	0.00051553
146	0.198299	0.000512245
147	0.198275	0.000509299
148	0.19824	0.000507084
149	0.198315	0.000509178
150	0.198264	0.000508293
151	0.198235	0.000505764
152	0.198254	0.000502814
153	0.198307	0.00050223
154	0.198233	0.000504288
155	0.198204	0.000501878
156	0.198249	0.000500706
157	0.198291	0.000499233
158	0.198359	0.000500649
159	0.198299	0.000500992
160	0.198267	0.000498941
161	0.198223	0.000497731
162	0.198271	0.00049696
163	0.198199	0.000499046
164	0.198204	0.000496029
165	0.198259	0.000496015
166	0.198253	0.000493061
167	0.19823	0.000490663
168	0.198246	0.000488
169	0.198231	0.000485346
170	0.198323	0.00049127
171	0.198311	0.000488563
172	0.198308	0.000485731
173	0.198295	0.000483102
174	0.198291	0.000480341
175	0.198277	0.00047778
176	0.198311	0.000476273
177	0.198327	0.000473832
178	0.198266	0.000475088
179	0.198241	0.000473102
180	0.198316	0.000476413
181	0.198301	0.000474006
182	0.198273	0.000472235
183	0.198256	0.000469972
184	0.198267	0.000467551
185	0.198304	0.000466457
186	0.198317	0.000464148
187	0.198323	0.000461702
188	0.198339	0.000459511
189	0.198312	0.000457863
190	0.198317	0.000455486
191	0.198251	0.000457911
192	0.198165	0.000463428
193	0.198127	0.00046262
194	0.198133	0.000460269
195	0.198145	0.000458077
196	0.198166	0.000456224
197	0.198205	0.000455581
198	0.198238	0.000454456
199	0.198236	0.000452178
200	0.198221	0.000450142
