1	-0.46401	0
2	-0.467632	0.00256171
3	-0.467814	0.00171422
4	-0.46699	0.00147046
5	-0.466643	0.00121653
6	-0.467359	0.00120635
7	-0.466797	0.00115787
8	-0.466573	0.00103451
9	-0.46595	0.00109117
10	-0.465374	0.00112383
11	-0.465439	0.00102355
12	-0.465415	0.000938554
13	-0.465503	0.000870523
14	-0.465781	0.000851489
15	-0.46573	0.000796262
16	-0.465642	0.000751327
17	-0.466315	0.000962283
18	-0.465378	0.00128627
19	-0.465085	0.00125149
20	-0.465227	0.0011969
21	-0.46512	0.00114464
22	-0.465245	0.00109945
23	-0.465004	0.00107789
24	-0.464877	0.00104036
25	-0.464673	0.00101866
26	-0.46461	0.000981393
27	-0.46466	0.000946289
28	-0.464324	0.000970101
29	-0.464179	0.000947543
30	-0.464057	0.000923777
31	-0.464122	0.000896264
32	-0.464227	0.000874364
33	-0.464234	0.000847898
34	-0.464023	0.00084863
35	-0.464145	0.00083299
36	-0.464017	0.000819573
37	-0.464021	0.000797431
38	-0.463808	0.000804398
39	-0.463699	0.000791131
40	-0.463803	0.000778226
41	-0.463926	0.000768843
42	-0.463926	0.000750537
43	-0.463706	0.000764634
44	-0.463691	0.000747412
45	-0.463771	0.000735102
46	-0.463583	0.000742732
47	-0.463578	0.000726945
48	-0.463567	0.000711889
49	-0.463369	0.000724478
50	-0.463389	0.000710291
51	-0.463395	0.000696386
52	-0.463315	0.000687628
53	-0.46339	0.000678727
54	-0.463315	0.000670262
55	-0.463298	0.000658279
56	-0.463398	0.000653984
57	-0.463273	0.000654344
58	-0.463214	0.000645679
59	-0.4631	0.000644702
60	-0.46308	0.00063428
61	-0.462941	0.000638956
62	-0.462952	0.000628759
63	-0.463023	0.00062271
64	-0.462867	0.000632305
65	-0.462905	0.000623773
66	-0.462866	0.000615555
67	-0.462752	0.000616845
68	-0.462781	0.000608461
69	-0.462788	0.00059968
70	-0.462773	0.000591311
71	-0.462808	0.000584071
72	-0.46289	0.000581585
73	-0.462858	0.000574493
74	-0.462785	0.00057138
75	-0.462782	0.000563768
76	-0.462773	0.000556427
77	-0.462856	0.000555368
78	-0.462893	0.000549504
79	-0.46291	0.000542796
80	-0.462923	0.00053617
81	-0.463032	0.00054063
82	-0.463107	0.000539208
83	-0.463083	0.000533262
84	-0.463126	0.000528673
85	-0.463136	0.000522546
86	-0.463083	0.000519159
87	-0.462961	0.000527376
88	-0.462864	0.000530117
89	-0.462849	0.000524398
90	-0.462909	0.000522016
91	-0.462936	0.000516969
92	-0.463103	0.0005379
93	-0.463097	0.000532158
94	-0.463036	0.000529948
95	-0.463017	0.000524712
96	-0.463012	0.000519274
97	-0.462973	0.000515366
98	-0.463008	0.000511326
99	-0.463083	0.000511564
100	-0.463111	0.000507199
1	-0.465955	0
2	-0.465446	0.000359917
3	-0.466229	0.000682454
4	-0.466483	0.000557357
5	-0.466785	0.000521156
6	-0.466605	0.000464484
7	-0.466796	0.000435892
8	-0.466816	0.000381857
9	-0.466492	0.000456711
10	-0.466242	0.000474369
11	-0.466042	0.000471722
12	-0.465472	0.000696025
13	-0.465012	0.000779808
14	-0.464895	0.000732831
15	-0.464866	0.000684578
16	-0.464941	0.000645983
17	-0.464766	0.000631373
18	-0.464728	0.000597464
19	-0.464333	0.000684087
20	-0.464422	0.000655654
21	-0.464658	0.000665728
22	-0.464401	0.000683492
23	-0.464238	0.000672876
24	-0.464058	0.000668388
25	-0.463889	0.00066275
26	-0.463809	0.000642056
27	-0.463724	0.000623882
28	-0.463834	0.00061122
29	-0.463602	0.000632567
30	-0.463522	0.000616622
31	-0.463421	0.000604818
32	-0.463316	0.000595042
33	-0.463427	0.00058729
34	-0.463332	0.000577577
35	-0.463277	0.000563742
36	-0.463347	0.000552477
37	-0.463243	0.000547366
38	-0.463259	0.000533203
39	-0.463364	0.000529818
40	-0.463392	0.000517275
41	-0.463577	0.000537033
42	-0.463549	0.000525027
43	-0.463476	0.000517763
44	-0.463189	0.000580018
45	-0.463152	0.000568316
46	-0.463372	0.00059692
47	-0.463238	0.000599109
48	-0.463181	0.000589279
49	-0.463182	0.000577253
50	-0.463265	0.000571622
51	-0.463289	0.000560933
52	-0.463287	0.000550148
53	-0.463361	0.000544706
54	-0.463482	0.000547799
55	-0.463489	0.000537882
56	-0.463483	0.000528307
57	-0.463355	0.000534298
58	-0.463281	0.00053018
59	-0.463189	0.000529261
60	-0.463193	0.00052046
61	-0.463038	0.000534532
62	-0.463048	0.000526009
63	-0.463065	0.000517922
64	-0.463	0.000513892
65	-0.462969	0.000506912
66	-0.462972	0.00049924
67	-0.462928	0.000493761
68	-0.462982	0.000489493
69	-0.462933	0.000484898
70	-0.462918	0.000478195
71	-0.462895	0.000472009
72	-0.462873	0.000465977
73	-0.462803	0.000464806
74	-0.462776	0.000459292
75	-0.462819	0.000455156
76	-0.462769	0.000451935
77	-0.462705	0.000450582
78	-0.462758	0.000447978
79	-0.462756	0.000442312
80	-0.462743	0.000436964
81	-0.462813	0.000437141
82	-0.462822	0.000431894
83	-0.462873	0.000429717
84	-0.462841	0.000425816
85	-0.462861	0.00042128
86	-0.462849	0.000416534
87	-0.462852	0.000411756
88	-0.462879	0.000407935
89	-0.462888	0.00040345
90	-0.462936	0.000401808
91	-0.462819	0.000413941
92	-0.46279	0.000410463
93	-0.462715	0.000412956
94	-0.462765	0.000411641
95	-0.462776	0.000407463
96	-0.462716	0.000407622
97	-0.462748	0.000404611
98	-0.462731	0.000400831
99	-0.462707	0.000397492
100	-0.462689	0.000393936
101	-0.462744	0.00039392
102	-0.462678	0.000395478
103	-0.462683	0.00039166
104	-0.462643	0.000389937
105	-0.462636	0.000386275
106	-0.462609	0.000383605
107	-0.46253	0.000388007
108	-0.462557	0.000385327
109	-0.462546	0.000381948
110	-0.462545	0.000378476
111	-0.462569	0.000375785
112	-0.462572	0.00037244
113	-0.462568	0.000369156
114	-0.462541	0.000366904
115	-0.462558	0.000364065
116	-0.462562	0.000360952
117	-0.462619	0.0003623
118	-0.462597	0.000359892
119	-0.462628	0.000358213
120	-0.462642	0.000355497
121	-0.462632	0.000352687
122	-0.46261	0.000350467
123	-0.462591	0.000348139
124	-0.462571	0.0003459
125	-0.462588	0.000343532
126	-0.462611	0.000341542
127	-0.46262	0.000338993
128	-0.462696	0.000344784
129	-0.46268	0.000342523
130	-0.46268	0.000339888
131	-0.462606	0.000345206
132	-0.462614	0.00034268
133	-0.4626	0.000340401
134	-0.462575	0.00033876
135	-0.462553	0.000336962
136	-0.462569	0.000334844
137	-0.462557	0.000332607
138	-0.462576	0.000330751
139	-0.462574	0.000328377
140	-0.462613	0.000328332
141	-0.462533	0.000335695
142	-0.462529	0.000333349
143	-0.462522	0.000331097
144	-0.462567	0.00033183
145	-0.462537	0.000330857
146	-0.462542	0.000328624
147	-0.462534	0.000326481
148	-0.462548	0.000324552
149	-0.462577	0.000323679
150	-0.462603	0.00032253
151	-0.462622	0.000320955
152	-0.462654	0.000320498
153	-0.462655	0.000318405
154	-0.462692	0.000318399
155	-0.462703	0.000316565
156	-0.462671	0.000316219
157	-0.462663	0.000314305
158	-0.46265	0.000312567
159	-0.462656	0.000310661
160	-0.462706	0.000312686
161	-0.46269	0.000311138
162	-0.4627	0.000309366
163	-0.462723	0.000308302
164	-0.462686	0.000308592
165	-0.462665	0.000307477
166	-0.462718	0.000310208
167	-0.462718	0.000308351
168	-0.462723	0.000306557
169	-0.462749	0.00030583
170	-0.462733	0.000304486
171	-0.46269	0.000305668
172	-0.462703	0.00030417
173	-0.462732	0.000303813
174	-0.462753	0.00030277
175	-0.462785	0.000302674
176	-0.46279	0.000301008
177	-0.462794	0.000299326
178	-0.462784	0.000297802
179	-0.462751	0.0002979
180	-0.462774	0.000297094
181	-0.46274	0.000297415
182	-0.462761	0.000296531
183	-0.462764	0.000294923
184	-0.462744	0.000294002
185	-0.46275	0.000292493
186	-0.462767	0.000291366
187	-0.462804	0.000292232
188	-0.46281	0.000290739
189	-0.462807	0.000289223
190	-0.462785	0.000288508
191	-0.46277	0.000287416
192	-0.462722	0.00028979
193	-0.462697	0.00028939
194	-0.46267	0.000289173
195	-0.462662	0.000287795
196	-0.462646	0.000286777
197	-0.462655	0.000285457
198	-0.462638	0.000284514
199	-0.462644	0.000283149
200	-0.462633	0.000281949
1	-0.467067	0
2	-0.466002	0.000752927
3	-0.466599	0.0006998
4	-0.466761	0.0005433
5	-0.467007	0.000487184
6	-0.46679	0.000451935
7	-0.466955	0.000416479
8	-0.466955	0.00036442
9	-0.466616	0.000455423
10	-0.466354	0.000479334
11	-0.466143	0.000479804
12	-0.465565	0.000706946
13	-0.465098	0.000791994
14	-0.464975	0.000744928
15	-0.46494	0.000696088
16	-0.465011	0.000656218
17	-0.464831	0.00064172
18	-0.464789	0.000607445
19	-0.464391	0.000693693
20	-0.464477	0.000664334
21	-0.464711	0.000672607
22	-0.464451	0.000690462
23	-0.464286	0.000679862
24	-0.464105	0.000675366
25	-0.463934	0.00066969
26	-0.463852	0.000648885
27	-0.463765	0.000630607
28	-0.463874	0.000617353
29	-0.463641	0.000638576
30	-0.463559	0.000622544
31	-0.463457	0.000610665
32	-0.463351	0.000600811
33	-0.463461	0.000592597
34	-0.463365	0.000582818
35	-0.463309	0.000568899
36	-0.463378	0.000557343
37	-0.463273	0.000552171
38	-0.463288	0.000537857
39	-0.463393	0.000534122
40	-0.463419	0.00052143
41	-0.463605	0.000540617
42	-0.463575	0.000528555
43	-0.463502	0.00052126
44	-0.463215	0.000583284
45	-0.463177	0.000571539
46	-0.463396	0.000599666
47	-0.463262	0.000601842
48	-0.463205	0.00059199
49	-0.463204	0.000579908
50	-0.463287	0.000574133
51	-0.463311	0.000563375
52	-0.463309	0.000552544
53	-0.463382	0.000546982
54	-0.463502	0.000549895
55	-0.463509	0.000539936
56	-0.463503	0.000530328
57	-0.463375	0.000536309
58	-0.463301	0.000532183
59	-0.463207	0.000531256
60	-0.463212	0.000522419
61	-0.463056	0.000536464
62	-0.463066	0.000527904
63	-0.463083	0.000519778
64	-0.463017	0.000515738
65	-0.462986	0.000508742
66	-0.462989	0.000501041
67	-0.462944	0.000495551
68	-0.462998	0.000491219
69	-0.462949	0.000486614
70	-0.462934	0.000479893
71	-0.462911	0.000473692
72	-0.462888	0.000467644
73	-0.462818	0.000466464
74	-0.462791	0.000460936
75	-0.462834	0.000456753
76	-0.462783	0.000453523
77	-0.462719	0.00045216
78	-0.462772	0.000449503
79	-0.46277	0.000443819
80	-0.462757	0.000438457
81	-0.462827	0.000438569
82	-0.462835	0.000433302
83	-0.462886	0.000431078
84	-0.462854	0.000427169
85	-0.462874	0.000422609
86	-0.462862	0.000417851
87	-0.462865	0.000413057
88	-0.462892	0.000409209
89	-0.4629	0.000404706
90	-0.462948	0.000403025
91	-0.462832	0.000415134
92	-0.462802	0.00041165
93	-0.462727	0.000414134
94	-0.462777	0.000412783
95	-0.462788	0.000408588
96	-0.462728	0.000408742
97	-0.462759	0.000405706
98	-0.462742	0.00040192
99	-0.462718	0.000398574
100	-0.4627	0.000395011
101	-0.462755	0.000394959
102	-0.462689	0.000396511
103	-0.462693	0.000392682
104	-0.462653	0.000390954
105	-0.462647	0.000387284
106	-0.462619	0.000384609
107	-0.462541	0.000389001
108	-0.462567	0.000386302
109	-0.462556	0.000382917
110	-0.462556	0.000379436
111	-0.462579	0.000376729
112	-0.462581	0.000373375
113	-0.462578	0.000370084
114	-0.462551	0.000367827
115	-0.462567	0.000364976
116	-0.462571	0.000361853
117	-0.462628	0.000363171
118	-0.462606	0.000360758
119	-0.462637	0.000359062
120	-0.462651	0.000356335
121	-0.462641	0.000353521
122	-0.46262	0.000351296
123	-0.4626	0.000348964
124	-0.46258	0.000346722
125	-0.462597	0.000344343
126	-0.462619	0.00034234
127	-0.462629	0.000339782
128	-0.462705	0.000345533
129	-0.462688	0.000343268
130	-0.462689	0.000340628
131	-0.462615	0.000345937
132	-0.462623	0.000343404
133	-0.462608	0.000341122
134	-0.462583	0.000339478
135	-0.462561	0.000337677
136	-0.462577	0.00033555
137	-0.462565	0.000333309
138	-0.462584	0.000331444
139	-0.462582	0.000329066
140	-0.462621	0.000329004
141	-0.462541	0.000336356
142	-0.462537	0.000334006
143	-0.46253	0.000331751
144	-0.462575	0.000332466
145	-0.462545	0.000331491
146	-0.46255	0.000329253
147	-0.462542	0.000327106
148	-0.462555	0.000325171
149	-0.462584	0.000324286
150	-0.46261	0.000323128
151	-0.462629	0.000321545
152	-0.462661	0.000321076
153	-0.462663	0.000318979
154	-0.462699	0.00031896
155	-0.462711	0.000317121
156	-0.462678	0.000316773
157	-0.46267	0.000314857
158	-0.462657	0.000313116
159	-0.462663	0.000311205
160	-0.462713	0.000313214
161	-0.462697	0.000311664
162	-0.462707	0.000309887
163	-0.46273	0.000308816
164	-0.462693	0.000309103
165	-0.462671	0.000307987
166	-0.462725	0.000310701
167	-0.462725	0.000308841
168	-0.46273	0.000307042
169	-0.462756	0.000306308
170	-0.462739	0.000304962
171	-0.462697	0.000306142
172	-0.46271	0.00030464
173	-0.462739	0.000304274
174	-0.462759	0.000303225
175	-0.462791	0.00030312
176	-0.462797	0.000301451
177	-0.4628	0.000299766
178	-0.46279	0.000298241
179	-0.462758	0.000298337
180	-0.46278	0.000297525
181	-0.462746	0.000297844
182	-0.462767	0.000296954
183	-0.46277	0.000295345
184	-0.46275	0.000294422
185	-0.462756	0.00029291
186	-0.462773	0.000291778
187	-0.46281	0.000292635
188	-0.462816	0.000291139
189	-0.462813	0.000289621
190	-0.462791	0.000288905
191	-0.462775	0.000287812
192	-0.462728	0.000290184
193	-0.462703	0.000289783
194	-0.462675	0.000289565
195	-0.462668	0.000288185
196	-0.462651	0.000287167
197	-0.46266	0.000285844
198	-0.462643	0.000284899
199	-0.462649	0.000283532
200	-0.462638	0.000282331
