1	1.26552	0
2	1.34226	0.0542634
3	1.36749	0.0416312
4	1.41517	0.0517658
5	1.41818	0.0414998
6	1.41009	0.0353615
7	1.39797	0.0323209
8	1.39428	0.0284908
9	1.38696	0.0262497
10	1.39688	0.0254304
11	1.40599	0.0246962
12	1.39611	0.0245321
13	1.39399	0.0227367
14	1.37846	0.0258805
15	1.37989	0.0241947
16	1.38722	0.0237668
17	1.39326	0.0231238
18	1.39402	0.0218518
19	1.39845	0.0211452
20	1.40393	0.0207868
21	1.40403	0.0197972
22	1.40082	0.0191559
23	1.39937	0.0183779
24	1.39927	0.0176124
25	1.40077	0.0169716
26	1.40136	0.0163294
27	1.40039	0.0157535
28	1.40198	0.0152703
29	1.40029	0.0148364
30	1.39754	0.0145949
31	1.39672	0.0141471
32	1.39639	0.013709
33	1.39818	0.01341
34	1.39586	0.0132144
35	1.39376	0.013003
36	1.39125	0.012881
37	1.38915	0.012703
38	1.38659	0.012624
39	1.3894	0.0126079
40	1.38532	0.0129342
41	1.38735	0.0127764
42	1.38763	0.0124753
43	1.3855	0.0123653
44	1.38408	0.0121658
45	1.38346	0.0119112
46	1.38228	0.0117103
47	1.38227	0.0114612
48	1.3814	0.0112548
49	1.37905	0.0112674
50	1.3779	0.0111015
51	1.37639	0.0109856
52	1.37508	0.010852
53	1.37582	0.0106721
54	1.37747	0.010602
55	1.37635	0.0104683
56	1.37782	0.0103846
57	1.37733	0.0102142
58	1.37688	0.0100477
59	1.37493	0.0100664
60	1.37859	0.0105444
61	1.37791	0.0103932
62	1.37907	0.0102904
63	1.38131	0.0103681
64	1.38222	0.0102457
65	1.38396	0.010234
66	1.38345	0.0100916
67	1.38315	0.00994539
68	1.38313	0.00979915
69	1.38109	0.00986771
70	1.38147	0.00973407
71	1.38005	0.00970083
72	1.38354	0.0101745
73	1.38234	0.0101054
74	1.37963	0.0103247
75	1.38048	0.0102219
76	1.37925	0.0101611
77	1.37827	0.0100768
78	1.3779	0.00995438
79	1.37898	0.00988671
80	1.38011	0.00982821
81	1.38003	0.00970724
82	1.38026	0.00959157
83	1.38035	0.00947651
84	1.38073	0.00937095
85	1.3807	0.00926075
86	1.37973	0.00920363
87	1.37974	0.00909784
88	1.37795	0.00916854
89	1.37717	0.00909816
90	1.37906	0.00919057
91	1.37927	0.00909195
92	1.37924	0.00899317
93	1.37745	0.0090723
94	1.37787	0.00898516
95	1.37719	0.00891573
96	1.37679	0.00883206
97	1.37735	0.00875894
98	1.37856	0.00875272
99	1.37971	0.00873952
100	1.38001	0.00865723
1	1.3208	0
2	1.42367	0.0727401
3	1.41019	0.0497261
4	1.39663	0.0391006
5	1.40089	0.0315119
6	1.40008	0.0262703
7	1.38339	0.0273103
8	1.39556	0.02647
9	1.40023	0.0239367
10	1.40704	0.0224917
11	1.40653	0.0204529
12	1.40524	0.0187887
13	1.40738	0.0174645
14	1.40541	0.0163281
15	1.40225	0.0155419
16	1.39971	0.0147773
17	1.39996	0.0139102
18	1.39487	0.0140374
19	1.39173	0.0136445
20	1.38861	0.0133141
21	1.39124	0.0129365
22	1.38846	0.0126444
23	1.3857	0.0123918
24	1.38315	0.012134
25	1.37906	0.012321
26	1.37565	0.0123099
27	1.37722	0.0119544
28	1.37767	0.0115359
29	1.37844	0.0111639
30	1.38045	0.01097
31	1.37995	0.0106273
32	1.38226	0.0105436
33	1.38275	0.0102352
34	1.38285	0.00993468
35	1.38234	0.00966385
36	1.38475	0.00969139
37	1.38058	0.0102884
38	1.38004	0.0100316
39	1.37793	0.00999397
40	1.37903	0.009804
41	1.37896	0.00956513
42	1.37882	0.00933845
43	1.37841	0.00913023
44	1.37672	0.00907715
45	1.37648	0.00887852
46	1.37633	0.00868683
47	1.37417	0.00876557
48	1.37317	0.00863969
49	1.37403	0.00850547
50	1.37618	0.00860238
51	1.37558	0.00845411
52	1.37657	0.00834884
53	1.37811	0.00833176
54	1.37951	0.0082946
55	1.37821	0.00824439
56	1.37919	0.00815425
57	1.37988	0.00804079
58	1.37899	0.00795115
59	1.381	0.00806527
60	1.37912	0.00814663
61	1.37841	0.00804425
62	1.3784	0.00791451
63	1.3782	0.00779145
64	1.3766	0.0078336
65	1.37597	0.00773848
66	1.37842	0.00800184
67	1.37788	0.00790051
68	1.37723	0.00781166
69	1.37644	0.00773799
70	1.37647	0.00762751
71	1.37798	0.00766776
72	1.37819	0.00756407
73	1.37721	0.00752368
74	1.37493	0.0077595
75	1.3738	0.00773722
76	1.37336	0.00764819
77	1.37412	0.00758713
78	1.37596	0.00770793
79	1.3755	0.00762404
80	1.37635	0.00757645
81	1.37698	0.0075092
82	1.37847	0.00756434
83	1.3784	0.00747357
84	1.37981	0.00751692
85	1.38009	0.00743377
86	1.37981	0.00735288
87	1.37979	0.00726837
88	1.38096	0.00727957
89	1.38059	0.00720762
90	1.38057	0.00712755
91	1.38087	0.00705555
92	1.38071	0.00698061
93	1.37935	0.00703685
94	1.38035	0.00703216
95	1.3795	0.00700886
96	1.37932	0.0069383
97	1.38013	0.00691431
98	1.38116	0.00691994
99	1.38024	0.0069109
100	1.3804	0.00684366
101	1.37919	0.00688213
102	1.37872	0.00683081
103	1.37842	0.00677097
104	1.37803	0.00671742
105	1.37895	0.00671726
106	1.37868	0.00665949
107	1.37893	0.00660196
108	1.37889	0.00654093
109	1.3785	0.00649292
110	1.37813	0.00644428
111	1.37922	0.00647838
112	1.37924	0.00642055
113	1.37922	0.00636374
114	1.37877	0.00632445
115	1.37916	0.00628174
116	1.37952	0.00623776
117	1.37969	0.0061868
118	1.37988	0.00613734
119	1.38019	0.0060937
120	1.37999	0.00604637
121	1.38018	0.00599937
122	1.37946	0.00599287
123	1.37903	0.00595951
124	1.37802	0.00599604
125	1.37811	0.00594869
126	1.37869	0.00592928
127	1.379	0.00589116
128	1.37923	0.00584946
129	1.37886	0.00581573
130	1.37947	0.00580264
131	1.37943	0.00575848
132	1.3792	0.00571954
133	1.37942	0.00568102
134	1.37979	0.00565068
135	1.3796	0.00561204
136	1.37956	0.00557096
137	1.37901	0.00555723
138	1.37907	0.00551734
139	1.37905	0.00547773
140	1.37933	0.00544611
141	1.37968	0.00541886
142	1.37999	0.00538915
143	1.38028	0.00535931
144	1.37997	0.00533098
145	1.37946	0.00531873
146	1.37883	0.00531909
147	1.37794	0.00535658
148	1.37813	0.00532348
149	1.37808	0.00528792
150	1.37814	0.00525301
151	1.37836	0.00522247
152	1.37844	0.00518876
153	1.37864	0.00515867
154	1.37852	0.00512656
155	1.37825	0.0051005
156	1.3774	0.0051387
157	1.37693	0.00512733
158	1.37811	0.00523037
159	1.37767	0.0052163
160	1.37862	0.00526906
161	1.37859	0.0052364
162	1.37904	0.00522305
163	1.3793	0.00519786
164	1.37953	0.00517106
165	1.37865	0.00521334
166	1.37909	0.00520039
167	1.37901	0.00516986
168	1.37894	0.00513962
169	1.37981	0.00518267
170	1.38032	0.00517668
171	1.37947	0.00521511
172	1.37882	0.00522489
173	1.37883	0.00519469
174	1.37863	0.00516868
175	1.37884	0.00514331
176	1.37923	0.00512921
177	1.37873	0.0051241
178	1.3786	0.00509697
179	1.37859	0.00506852
180	1.37902	0.00505906
181	1.379	0.00503116
182	1.37894	0.00500384
183	1.37862	0.00498684
184	1.37851	0.00496097
185	1.37872	0.00493869
186	1.3788	0.00491276
187	1.37919	0.0049019
188	1.37934	0.00487801
189	1.37918	0.00485466
190	1.3791	0.0048298
191	1.37833	0.00486629
192	1.37799	0.00485259
193	1.3771	0.00490809
194	1.37721	0.00488408
195	1.37774	0.00488776
196	1.37724	0.00488861
197	1.3771	0.00486572
198	1.3769	0.00484549
199	1.37696	0.00482155
200	1.37707	0.0047986
1	1.31342	0
2	1.41998	0.0753493
3	1.40773	0.0512184
4	1.39479	0.0400171
5	1.39942	0.0322805
6	1.39885	0.0269053
7	1.38234	0.0276705
8	1.39464	0.0268076
9	1.39941	0.0242494
10	1.4063	0.0227837
11	1.40585	0.0207169
12	1.40463	0.0190267
13	1.40681	0.017688
14	1.40488	0.0165298
15	1.40176	0.01572
16	1.39924	0.0149371
17	1.39952	0.0140611
18	1.39446	0.0141627
19	1.39135	0.0137556
20	1.38824	0.0134126
21	1.39089	0.0130318
22	1.38812	0.01273
23	1.38538	0.0124686
24	1.38285	0.0122034
25	1.37876	0.0123801
26	1.37536	0.0123616
27	1.37695	0.0120051
28	1.37741	0.0115851
29	1.37819	0.0112119
30	1.3802	0.0110172
31	1.37971	0.0106725
32	1.38203	0.0105879
33	1.38252	0.0102785
34	1.38263	0.00997676
35	1.38213	0.00970436
36	1.38455	0.009731
37	1.38038	0.0103216
38	1.37985	0.0100635
39	1.37774	0.0100234
40	1.37884	0.00983304
41	1.37878	0.00959344
42	1.37864	0.00936601
43	1.37823	0.00915695
44	1.37655	0.00910212
45	1.37632	0.00890282
46	1.37617	0.00871055
47	1.37402	0.00878726
48	1.37302	0.00866042
49	1.37388	0.00852599
50	1.37603	0.0086226
51	1.37544	0.00847369
52	1.37643	0.00836823
53	1.37797	0.00835095
54	1.37937	0.0083136
55	1.37808	0.00826243
56	1.37905	0.00817213
57	1.37975	0.00805848
58	1.37886	0.00796818
59	1.38087	0.00808203
60	1.379	0.0081622
61	1.37828	0.00805934
62	1.37829	0.00792935
63	1.37809	0.007806
64	1.37648	0.00784726
65	1.37585	0.00775174
66	1.37831	0.0080148
67	1.37777	0.00791314
68	1.37712	0.00782392
69	1.37633	0.00774986
70	1.37637	0.00763922
71	1.37787	0.00767937
72	1.37808	0.00757554
73	1.3771	0.00753472
74	1.37483	0.00776953
75	1.3737	0.00774682
76	1.37326	0.00765757
77	1.37403	0.00759647
78	1.37586	0.00771717
79	1.3754	0.00763308
80	1.37626	0.00758545
81	1.37689	0.00751816
82	1.37838	0.00757323
83	1.37831	0.00748235
84	1.37972	0.00752564
85	1.38001	0.00744241
86	1.37972	0.00736138
87	1.37971	0.00727677
88	1.38088	0.00728792
89	1.3805	0.00721581
90	1.38049	0.00713565
91	1.38079	0.0070636
92	1.38063	0.00698854
93	1.37927	0.00704439
94	1.38027	0.00703966
95	1.37943	0.00701613
96	1.37924	0.00694547
97	1.38006	0.00692145
98	1.38109	0.00692705
99	1.38017	0.00691778
100	1.38033	0.00685048
101	1.37912	0.00688865
102	1.37865	0.0068372
103	1.37835	0.00677726
104	1.37795	0.0067236
105	1.37888	0.00672341
106	1.37861	0.00666555
107	1.37886	0.00660799
108	1.37882	0.0065469
109	1.37843	0.00649878
110	1.37806	0.00645005
111	1.37916	0.00648412
112	1.37917	0.00642624
113	1.37916	0.00636938
114	1.3787	0.00632998
115	1.3791	0.00628725
116	1.37945	0.00624324
117	1.37963	0.00619225
118	1.37982	0.00614276
119	1.38013	0.00609909
120	1.37993	0.00605169
121	1.38012	0.00600466
122	1.3794	0.00599802
123	1.37897	0.00596457
124	1.37796	0.00600091
125	1.37805	0.00595353
126	1.37863	0.0059341
127	1.37895	0.00589596
128	1.37917	0.00585424
129	1.3788	0.00582043
130	1.37941	0.00580733
131	1.37937	0.00576313
132	1.37914	0.00572413
133	1.37937	0.00568559
134	1.37974	0.00565523
135	1.37955	0.00561655
136	1.3795	0.00557543
137	1.37896	0.0055616
138	1.37902	0.00552169
139	1.37899	0.00548204
140	1.37928	0.00545041
141	1.37963	0.00542315
142	1.37994	0.00539342
143	1.38023	0.00536356
144	1.37992	0.00533517
145	1.37941	0.00532284
146	1.37878	0.0053231
147	1.37789	0.00536045
148	1.37808	0.00532734
149	1.37803	0.00529175
150	1.3781	0.00525682
151	1.37831	0.00522626
152	1.37839	0.00519254
153	1.37859	0.00516243
154	1.37847	0.00513028
155	1.3782	0.00510418
156	1.37735	0.00514225
157	1.37688	0.00513082
158	1.37807	0.00523381
159	1.37762	0.00521969
160	1.37857	0.00527243
161	1.37854	0.00523974
162	1.37899	0.00522639
163	1.37926	0.00520118
164	1.37949	0.00517437
165	1.37861	0.00521654
166	1.37905	0.00520358
167	1.37897	0.00517303
168	1.3789	0.00514277
169	1.37977	0.00518579
170	1.38027	0.0051798
171	1.37943	0.00521812
172	1.37878	0.00522783
173	1.37878	0.00519762
174	1.37859	0.00517158
175	1.37879	0.0051462
176	1.37919	0.00513209
177	1.37869	0.00512693
178	1.37856	0.00509977
179	1.37855	0.00507131
180	1.37898	0.00506185
181	1.37896	0.00503393
182	1.3789	0.0050066
183	1.37858	0.00498956
184	1.37847	0.00496367
185	1.37868	0.00494138
186	1.37876	0.00491544
187	1.37915	0.00490457
188	1.3793	0.00488067
189	1.37914	0.0048573
190	1.37906	0.00483242
191	1.37829	0.00486883
192	1.37795	0.0048551
193	1.37706	0.00491051
194	1.37718	0.00488649
195	1.37771	0.00489017
196	1.3772	0.00489098
197	1.37707	0.00486806
198	1.37686	0.00484781
199	1.37692	0.00482387
200	1.37703	0.00480091
