1	0.0256496	0
1	0.0769489	0
1	0.128248	0
1	0.179547	0
1	0.230847	0
1	0.282146	0
1	0.333445	0
1	0.384745	0
1	0.436044	0
1	0.487343	0
1	0.538642	0
1	0.589942	0
1	0.641241	0
1	0.69254	0
1	0.74384	0
1	0.795139	0
1	0.846438	0
1	0.897737	0.043
1	0.949037	1.288
1	1.00034	7.578
1	1.05164	16.069
1	1.10293	21.473
1	1.15423	22.711
1	1.20553	21.758
1	1.25683	21.432
1	1.30813	21.125
1	1.35943	20.466
1	1.41073	20.182
1	1.46203	20.083
1	1.51333	20.345
1	1.56463	20.721
1	1.61593	21.949
1	1.66723	22.315
1	1.71853	23.407
1	1.76983	24.408
1	1.82112	25.788
1	1.87242	26.845
1	1.92372	28.495
1	1.97502	30.407
1	2.02632	31.572
1	2.07762	33.97
1	2.12892	35.336
1	2.18022	36.806
1	2.23152	38.16
1	2.28282	39.976
1	2.33412	41.82
1	2.38542	43.222
1	2.43672	44.15
1	2.48802	45.686
1	2.53931	47.036
1	2.59061	48.563
1	2.64191	50.429
1	2.69321	51.725
1	2.74451	53.383
1	2.79581	55.739
1	2.84711	58.053
1	2.89841	60.061
1	2.94971	61.297
1	3.00101	63.983
1	3.05231	65.619
1	3.10361	68.284
1	3.15491	69.875
1	3.2062	72.606
1	3.2575	74.39
1	3.3088	76.792
1	3.3601	78.74
1	3.4114	80.639
1	3.4627	82.686
1	3.514	85.66
1	3.5653	89.098
1	3.6166	91.274
1	3.6679	93.286
1	3.7192	94.681
1	3.7705	97.391
1	3.8218	100.455
1	3.8731	103.51
1	3.92439	106.01
1	3.97569	107.977
1	4.02699	111.028
1	4.07829	113.94
1	4.12959	116.648
1	4.18089	119.621
1	4.23219	122.173
1	4.28349	125.681
1	4.33479	128.434
1	4.38609	131.293
1	4.43739	134.559
1	4.48869	137.286
1	4.53999	140.683
1	4.59129	142.827
1	4.64258	146.197
1	4.69388	150.479
1	4.74518	153.84
1	4.79648	157.221
1	4.84778	159.913
1	4.89908	164.372
1	4.95038	165.451
1	5.00168	169.982
1	5.05298	172.308
1	5.10428	177.435
2	0.0256496	0
2	0.0769489	0
2	0.128248	0
2	0.179547	0
2	0.230847	0
2	0.282146	0
2	0.333445	0
2	0.384745	0
2	0.436044	0
2	0.487343	0
2	0.538642	0
2	0.589942	0
2	0.641241	0
2	0.69254	0
2	0.74384	0
2	0.795139	0
2	0.846438	0
2	0.897737	0.034
2	0.949037	1.446
2	1.00034	7.839
2	1.05164	16.71
2	1.10293	21.633
2	1.15423	23.522
2	1.20553	23.031
2	1.25683	22.023
2	1.30813	21.261
2	1.35943	20.908
2	1.41073	20.813
2	1.46203	20.648
2	1.51333	21.039
2	1.56463	21.311
2	1.61593	22.344
2	1.66723	22.562
2	1.71853	24.263
2	1.76983	24.612
2	1.82112	26.154
2	1.87242	27.355
2	1.92372	29.296
2	1.97502	30.611
2	2.02632	32.784
2	2.07762	34.492
2	2.12892	36.106
2	2.18022	37.848
2	2.23152	39.312
2	2.28282	40.878
2	2.33412	43.567
2	2.38542	43.848
2	2.43672	45.674
2	2.48802	47.118
2	2.53931	48.648
2	2.59061	50.253
2	2.64191	51.701
2	2.69321	52.93
2	2.74451	55.139
2	2.79581	56.201
2	2.84711	58.599
2	2.89841	60.859
2	2.94971	63.345
2	3.00101	64.582
2	3.05231	66.553
2	3.10361	69.002
2	3.15491	71.365
2	3.2062	72.779
2	3.2575	75.428
2	3.3088	77.738
2	3.3601	80.073
2	3.4114	82.472
2	3.4627	84.236
2	3.514	86.464
2	3.5653	88.515
2	3.6166	91.759
2	3.6679	93.472
2	3.7192	96.165
2	3.7705	98.825
2	3.8218	101.398
2	3.8731	103.749
2	3.92439	106.046
2	3.97569	108.756
2	4.02699	112.38
2	4.07829	114.522
2	4.12959	117.492
2	4.18089	120.347
2	4.23219	122.324
2	4.28349	124.289
2	4.33479	127.976
2	4.38609	131.706
2	4.43739	133.886
2	4.48869	136.372
2	4.53999	138.489
2	4.59129	143.837
2	4.64258	146.291
2	4.69388	149.493
2	4.74518	153.235
2	4.79648	156.345
2	4.84778	159.113
2	4.89908	161.72
2	4.95038	164.602
2	5.00168	168.648
2	5.05298	171.926
2	5.10428	176.074
3	0.0256496	0
3	0.0769489	0
3	0.128248	0
3	0.179547	0
3	0.230847	0
3	0.282146	0
3	0.333445	0
3	0.384745	0
3	0.436044	0
3	0.487343	0
3	0.538642	0
3	0.589942	0
3	0.641241	0
3	0.69254	0
3	0.74384	0
3	0.795139	0
3	0.846438	0
3	0.897737	0.041
3	0.949037	1.485
3	1.00034	7.854
3	1.05164	16.67
3	1.10293	21.658
3	1.15423	23.337
3	1.20553	22.745
3	1.25683	22.108
3	1.30813	21.364
3	1.35943	20.873
3	1.41073	20.641
3	1.46203	20.174
3	1.51333	20.724
3	1.56463	21.336
3	1.61593	21.439
3	1.66723	22.536
3	1.71853	23.35
3	1.76983	24.662
3	1.82112	26.175
3	1.87242	27.407
3	1.92372	29.034
3	1.97502	30.101
3	2.02632	31.896
3	2.07762	34.031
3	2.12892	35.517
3	2.18022	37.855
3	2.23152	38.803
3	2.28282	40.918
3	2.33412	42.05
3	2.38542	43.496
3	2.43672	44.925
3	2.48802	46.738
3	2.53931	47.704
3	2.59061	48.678
3	2.64191	50.592
3	2.69321	52.579
3	2.74451	54.35
3	2.79581	55.955
3	2.84711	58.022
3	2.89841	59.929
3	2.94971	62.037
3	3.00101	63.715
3	3.05231	66.688
3	3.10361	68.446
3	3.15491	71.028
3	3.2062	72.505
3	3.2575	74.134
3	3.3088	77.31
3	3.3601	79.628
3	3.4114	81.296
3	3.4627	83.81
3	3.514	85.269
3	3.5653	88.979
3	3.6166	90.469
3	3.6679	92.934
3	3.7192	96.451
3	3.7705	99.321
3	3.8218	100.696
3	3.8731	103.72
3	3.92439	105.321
3	3.97569	108.571
3	4.02699	112.148
3	4.07829	114.939
3	4.12959	116.817
3	4.18089	119.107
3	4.23219	122.684
3	4.28349	126.174
3	4.33479	128.158
3	4.38609	131.903
3	4.43739	135.893
3	4.48869	137.407
3	4.53999	141.008
3	4.59129	143.432
3	4.64258	147.237
3	4.69388	149.746
3	4.74518	153.31
3	4.79648	157.052
3	4.84778	160.498
3	4.89908	163.413
3	4.95038	166.113
3	5.00168	169.602
3	5.05298	173.059
3	5.10428	177.293
4	0.0256496	0
4	0.0769489	0
4	0.128248	0
4	0.179547	0
4	0.230847	0
4	0.282146	0
4	0.333445	0
4	0.384745	0
4	0.436044	0
4	0.487343	0
4	0.538642	0
4	0.589942	0
4	0.641241	0
4	0.69254	0
4	0.74384	0
4	0.795139	0
4	0.846438	0
4	0.897737	0.035
4	0.949037	1.364
4	1.00034	7.578
4	1.05164	15.804
4	1.10293	21.218
4	1.15423	22.603
4	1.20553	22.45
4	1.25683	21.313
4	1.30813	21.314
4	1.35943	20.135
4	1.41073	20.381
4	1.46203	20.274
4	1.51333	20.424
4	1.56463	20.905
4	1.61593	21.023
4	1.66723	22.303
4	1.71853	23.038
4	1.76983	24.761
4	1.82112	25.379
4	1.87242	26.863
4	1.92372	28.042
4	1.97502	30.291
4	2.02632	31.931
4	2.07762	34.363
4	2.12892	35.401
4	2.18022	37.054
4	2.23152	38.895
4	2.28282	40.449
4	2.33412	41.71
4	2.38542	43.07
4	2.43672	44.624
4	2.48802	46.385
4	2.53931	46.858
4	2.59061	48.529
4	2.64191	50.752
4	2.69321	52.665
4	2.74451	53.638
4	2.79581	55.297
4	2.84711	57.875
4	2.89841	59.178
4	2.94971	61.818
4	3.00101	64.239
4	3.05231	65.893
4	3.10361	67.33
4	3.15491	69.985
4	3.2062	71.449
4	3.2575	74.178
4	3.3088	76.746
4	3.3601	78.489
4	3.4114	81.098
4	3.4627	82.916
4	3.514	85.757
4	3.5653	87.974
4	3.6166	90.331
4	3.6679	92.411
4	3.7192	95.403
4	3.7705	97.59
4	3.8218	99.662
4	3.8731	103.939
4	3.92439	104.91
4	3.97569	108.253
4	4.02699	110.494
4	4.07829	113.316
4	4.12959	116.664
4	4.18089	119.503
4	4.23219	121.216
4	4.28349	126.162
4	4.33479	127.61
4	4.38609	130.668
4	4.43739	134.047
4	4.48869	137.433
4	4.53999	141.315
4	4.59129	144.068
4	4.64258	146.387
4	4.69388	149.866
4	4.74518	153.391
4	4.79648	156.469
4	4.84778	159.467
4	4.89908	162.335
4	4.95038	165.726
4	5.00168	169.648
4	5.05298	173.478
4	5.10428	175.996
5	0.0256496	0
5	0.0769489	0
5	0.128248	0
5	0.179547	0
5	0.230847	0
5	0.282146	0
5	0.333445	0
5	0.384745	0
5	0.436044	0
5	0.487343	0
5	0.538642	0
5	0.589942	0
5	0.641241	0
5	0.69254	0
5	0.74384	0
5	0.795139	0
5	0.846438	0
5	0.897737	0.039
5	0.949037	1.401
5	1.00034	6.949
5	1.05164	15.319
5	1.10293	20.339
5	1.15423	21.57
5	1.20553	20.969
5	1.25683	20.549
5	1.30813	19.795
5	1.35943	19.356
5	1.41073	19.041
5	1.46203	19.338
5	1.51333	19.646
5	1.56463	20.183
5	1.61593	20.529
5	1.66723	21.542
5	1.71853	22.418
5	1.76983	23.404
5	1.82112	24.573
5	1.87242	26.093
5	1.92372	27.775
5	1.97502	29.259
5	2.02632	31.107
5	2.07762	32.563
5	2.12892	33.719
5	2.18022	35.845
5	2.23152	37.51
5	2.28282	39.194
5	2.33412	40.251
5	2.38542	42.301
5	2.43672	43.364
5	2.48802	45.098
5	2.53931	46.12
5	2.59061	47.967
5	2.64191	49.749
5	2.69321	51.715
5	2.74451	53.259
5	2.79581	54.481
5	2.84711	57.005
5	2.89841	58.532
5	2.94971	60.252
5	3.00101	62.778
5	3.05231	65.122
5	3.10361	67.229
5	3.15491	69.181
5	3.2062	71.186
5	3.2575	73.564
5	3.3088	75.818
5	3.3601	77.96
5	3.4114	80.316
5	3.4627	82.956
5	3.514	85.066
5	3.5653	87.274
5	3.6166	89.946
5	3.6679	92.026
5	3.7192	94.69
5	3.7705	97.642
5	3.8218	99.996
5	3.8731	102.846
5	3.92439	104.378
5	3.97569	107.921
5	4.02699	110.592
5	4.07829	114.276
5	4.12959	116.088
5	4.18089	119.666
5	4.23219	122.474
5	4.28349	124.748
5	4.33479	128.652
5	4.38609	131.173
5	4.43739	134.149
5	4.48869	137.656
5	4.53999	140.309
5	4.59129	143.765
5	4.64258	147.122
5	4.69388	150.177
5	4.74518	153.047
5	4.79648	157.007
5	4.84778	160.906
5	4.89908	162.897
5	4.95038	165.628
5	5.00168	169.903
5	5.05298	173.015
5	5.10428	177.446
6	0.0256496	0
6	0.0769489	0
6	0.128248	0
6	0.179547	0
6	0.230847	0
6	0.282146	0
6	0.333445	0
6	0.384745	0
6	0.436044	0
6	0.487343	0
6	0.538642	0
6	0.589942	0
6	0.641241	0
6	0.69254	0
6	0.74384	0
6	0.795139	0
6	0.846438	0
6	0.897737	0.031
6	0.949037	1.353
6	1.00034	7.666
6	1.05164	16.776
6	1.10293	21.778
6	1.15423	23.449
6	1.20553	22.751
6	1.25683	21.618
6	1.30813	21.014
6	1.35943	20.807
6	1.41073	20.289
6	1.46203	20.354
6	1.51333	20.729
6	1.56463	21.122
6	1.61593	21.714
6	1.66723	22.695
6	1.71853	23.396
6	1.76983	24.452
6	1.82112	25.962
6	1.87242	27.018
6	1.92372	28.814
6	1.97502	30.233
6	2.02632	31.815
6	2.07762	33.849
6	2.12892	35.649
6	2.18022	37.612
6	2.23152	39.182
6	2.28282	40.16
6	2.33412	42.013
6	2.38542	43.178
6	2.43672	44.656
6	2.48802	45.608
6	2.53931	46.973
6	2.59061	48.862
6	2.64191	50.92
6	2.69321	52.707
6	2.74451	53.54
6	2.79581	55.541
6	2.84711	58.04
6	2.89841	59.117
6	2.94971	61.13
6	3.00101	63.597
6	3.05231	65.252
6	3.10361	68.455
6	3.15491	69.499
6	3.2062	71.752
6	3.2575	74.554
6	3.3088	76.178
6	3.3601	78.858
6	3.4114	80.985
6	3.4627	83.599
6	3.514	85.693
6	3.5653	87.506
6	3.6166	90.735
6	3.6679	92.109
6	3.7192	94.923
6	3.7705	97.631
6	3.8218	99.626
6	3.8731	102.858
6	3.92439	105.772
6	3.97569	108.387
6	4.02699	112.093
6	4.07829	114.358
6	4.12959	116.511
6	4.18089	119.88
6	4.23219	122.463
6	4.28349	124.749
6	4.33479	127.943
6	4.38609	130.446
6	4.43739	133.479
6	4.48869	137.306
6	4.53999	139.977
6	4.59129	142.702
6	4.64258	146.811
6	4.69388	150.435
6	4.74518	152.468
6	4.79648	156.154
6	4.84778	160.076
6	4.89908	162.592
6	4.95038	167.565
6	5.00168	170.139
6	5.05298	173.579
6	5.10428	176.966
7	0.0256496	0
7	0.0769489	0
7	0.128248	0
7	0.179547	0
7	0.230847	0
7	0.282146	0
7	0.333445	0
7	0.384745	0
7	0.436044	0
7	0.487343	0
7	0.538642	0
7	0.589942	0
7	0.641241	0
7	0.69254	0
7	0.74384	0
7	0.795139	0
7	0.846438	0
7	0.897737	0.04
7	0.949037	1.406
7	1.00034	7.453
7	1.05164	14.892
7	1.10293	20.317
7	1.15423	21.968
7	1.20553	22.017
7	1.25683	20.863
7	1.30813	19.694
7	1.35943	19.732
7	1.41073	19.583
7	1.46203	19.289
7	1.51333	19.832
7	1.56463	20.174
7	1.61593	20.787
7	1.66723	21.062
7	1.71853	22.073
7	1.76983	23.378
7	1.82112	24.233
7	1.87242	26.203
7	1.92372	27.351
7	1.97502	29.303
7	2.02632	30.612
7	2.07762	32.582
7	2.12892	34.407
7	2.18022	35.117
7	2.23152	37.35
7	2.28282	38.253
7	2.33412	40.034
7	2.38542	42.024
7	2.43672	43.367
7	2.48802	44.955
7	2.53931	45.489
7	2.59061	46.979
7	2.64191	49.426
7	2.69321	50.778
7	2.74451	53.108
7	2.79581	54.747
7	2.84711	56.593
7	2.89841	57.833
7	2.94971	60.137
7	3.00101	63.247
7	3.05231	64.546
7	3.10361	67.215
7	3.15491	68.605
7	3.2062	71.108
7	3.2575	73.585
7	3.3088	75.474
7	3.3601	77.792
7	3.4114	80.289
7	3.4627	82.741
7	3.514	84.708
7	3.5653	86.273
7	3.6166	89.004
7	3.6679	91.855
7	3.7192	95.658
7	3.7705	97.702
7	3.8218	99.249
7	3.8731	102.402
7	3.92439	105.448
7	3.97569	107.939
7	4.02699	109.946
7	4.07829	113.825
7	4.12959	116.453
7	4.18089	119.216
7	4.23219	121.498
7	4.28349	124.715
7	4.33479	128.109
7	4.38609	130.904
7	4.43739	133.424
7	4.48869	137.416
7	4.53999	139.723
7	4.59129	142.059
7	4.64258	147.873
7	4.69388	149.28
7	4.74518	153.76
7	4.79648	157.959
7	4.84778	158.701
7	4.89908	163.37
7	4.95038	167.017
7	5.00168	171.233
7	5.05298	173.327
7	5.10428	178.749
8	0.0256496	0
8	0.0769489	0
8	0.128248	0
8	0.179547	0
8	0.230847	0
8	0.282146	0
8	0.333445	0
8	0.384745	0
8	0.436044	0
8	0.487343	0
8	0.538642	0
8	0.589942	0
8	0.641241	0
8	0.69254	0
8	0.74384	0
8	0.795139	0
8	0.846438	0
8	0.897737	0.05
8	0.949037	1.375
8	1.00034	7.498
8	1.05164	15.689
8	1.10293	20.997
8	1.15423	22.411
8	1.20553	22.117
8	1.25683	20.85
8	1.30813	20.57
8	1.35943	20.616
8	1.41073	19.458
8	1.46203	19.822
8	1.51333	20.025
8	1.56463	20.754
8	1.61593	21.072
8	1.66723	22.197
8	1.71853	23.004
8	1.76983	23.775
8	1.82112	25.297
8	1.87242	26.747
8	1.92372	27.995
8	1.97502	29.482
8	2.02632	30.902
8	2.07762	33.216
8	2.12892	35.107
8	2.18022	36.274
8	2.23152	37.348
8	2.28282	39.763
8	2.33412	41.259
8	2.38542	42.442
8	2.43672	44.218
8	2.48802	45.361
8	2.53931	46.409
8	2.59061	48.783
8	2.64191	50.39
8	2.69321	51.411
8	2.74451	52.806
8	2.79581	55.734
8	2.84711	57.678
8	2.89841	59.255
8	2.94971	60.828
8	3.00101	62.786
8	3.05231	65.425
8	3.10361	66.966
8	3.15491	69.985
8	3.2062	72.311
8	3.2575	73.376
8	3.3088	76.369
8	3.3601	78.768
8	3.4114	80.723
8	3.4627	83.566
8	3.514	85.865
8	3.5653	88.404
8	3.6166	89.977
8	3.6679	92.288
8	3.7192	95.305
8	3.7705	97.587
8	3.8218	100.749
8	3.8731	102.721
8	3.92439	105.368
8	3.97569	107.792
8	4.02699	111.031
8	4.07829	114.991
8	4.12959	117.371
8	4.18089	119.919
8	4.23219	121.959
8	4.28349	125.061
8	4.33479	129.11
8	4.38609	130.854
8	4.43739	134.701
8	4.48869	138.767
8	4.53999	140.641
8	4.59129	144.094
8	4.64258	147.441
8	4.69388	149.83
8	4.74518	153.488
8	4.79648	156.578
8	4.84778	160.388
8	4.89908	163.303
8	4.95038	167.083
8	5.00168	170.492
8	5.05298	174.359
8	5.10428	177.734
9	0.0256496	0
9	0.0769489	0
9	0.128248	0
9	0.179547	0
9	0.230847	0
9	0.282146	0
9	0.333445	0
9	0.384745	0
9	0.436044	0
9	0.487343	0
9	0.538642	0
9	0.589942	0
9	0.641241	0
9	0.69254	0
9	0.74384	0
9	0.795139	0
9	0.846438	0
9	0.897737	0.051
9	0.949037	1.407
9	1.00034	7.635
9	1.05164	16.33
9	1.10293	21.395
9	1.15423	22.666
9	1.20553	23.067
9	1.25683	22.159
9	1.30813	21.185
9	1.35943	20.423
9	1.41073	20.142
9	1.46203	20.434
9	1.51333	20.545
9	1.56463	20.869
9	1.61593	21.472
9	1.66723	21.977
9	1.71853	23.186
9	1.76983	24.657
9	1.82112	25.624
9	1.87242	27.085
9	1.92372	28.279
9	1.97502	30.467
9	2.02632	32.213
9	2.07762	33.925
9	2.12892	35.958
9	2.18022	37.883
9	2.23152	38.86
9	2.28282	40.254
9	2.33412	42.446
9	2.38542	43.384
9	2.43672	44.737
9	2.48802	47.087
9	2.53931	47.147
9	2.59061	49.189
9	2.64191	50.547
9	2.69321	52.358
9	2.74451	54.789
9	2.79581	56.187
9	2.84711	58.183
9	2.89841	60.379
9	2.94971	61.93
9	3.00101	64.317
9	3.05231	65.95
9	3.10361	67.239
9	3.15491	70.956
9	3.2062	72.545
9	3.2575	75.093
9	3.3088	77.374
9	3.3601	78.763
9	3.4114	80.828
9	3.4627	83.34
9	3.514	86.646
9	3.5653	88.157
9	3.6166	89.543
9	3.6679	92.834
9	3.7192	95.689
9	3.7705	98.892
9	3.8218	100.405
9	3.8731	103.096
9	3.92439	106.736
9	3.97569	108.672
9	4.02699	110.25
9	4.07829	113.91
9	4.12959	115.886
9	4.18089	118.743
9	4.23219	122.73
9	4.28349	125.103
9	4.33479	128.657
9	4.38609	130.505
9	4.43739	134.332
9	4.48869	138.856
9	4.53999	140.841
9	4.59129	141.679
9	4.64258	146.427
9	4.69388	149.737
9	4.74518	153.639
9	4.79648	156.891
9	4.84778	160.552
9	4.89908	162.244
9	4.95038	166.795
9	5.00168	169.75
9	5.05298	172.367
9	5.10428	177.415
10	0.0256496	0
10	0.0769489	0
10	0.128248	0
10	0.179547	0
10	0.230847	0
10	0.282146	0
10	0.333445	0
10	0.384745	0
10	0.436044	0
10	0.487343	0
10	0.538642	0
10	0.589942	0
10	0.641241	0
10	0.69254	0
10	0.74384	0
10	0.795139	0
10	0.846438	0
10	0.897737	0.021
10	0.949037	1.386
10	1.00034	7.507
10	1.05164	15.875
10	1.10293	20.372
10	1.15423	22.851
10	1.20553	21.934
10	1.25683	20.776
10	1.30813	20.709
10	1.35943	20.102
10	1.41073	19.885
10	1.46203	19.672
10	1.51333	19.875
10	1.56463	20
10	1.61593	20.666
10	1.66723	22.039
10	1.71853	22.759
10	1.76983	24.014
10	1.82112	25.07
10	1.87242	26.125
10	1.92372	28.15
10	1.97502	29.75
10	2.02632	31.228
10	2.07762	32.806
10	2.12892	34.601
10	2.18022	36.204
10	2.23152	37.445
10	2.28282	39.226
10	2.33412	40.434
10	2.38542	42.638
10	2.43672	43.719
10	2.48802	45.268
10	2.53931	46.02
10	2.59061	47.708
10	2.64191	50.194
10	2.69321	51.373
10	2.74451	53.363
10	2.79581	55.121
10	2.84711	57.355
10	2.89841	58.682
10	2.94971	60.958
10	3.00101	62.97
10	3.05231	65.099
10	3.10361	66.639
10	3.15491	69.537
10	3.2062	71.479
10	3.2575	73.911
10	3.3088	76.642
10	3.3601	78.067
10	3.4114	80.481
10	3.4627	83.248
10	3.514	84.997
10	3.5653	87.501
10	3.6166	89.98
10	3.6679	92.506
10	3.7192	95.461
10	3.7705	96.854
10	3.8218	99.887
10	3.8731	102.594
10	3.92439	106.007
10	3.97569	108.226
10	4.02699	111.991
10	4.07829	113.541
10	4.12959	116.602
10	4.18089	119.625
10	4.23219	122.567
10	4.28349	126.111
10	4.33479	128.223
10	4.38609	132.746
10	4.43739	134.083
10	4.48869	137.772
10	4.53999	141.818
10	4.59129	144.155
10	4.64258	149.512
10	4.69388	150.618
10	4.74518	154.664
10	4.79648	157.713
10	4.84778	160.556
10	4.89908	163.576
10	4.95038	167.465
10	5.00168	170.103
10	5.05298	174.126
10	5.10428	178.388
11	0.0256496	0
11	0.0769489	0
11	0.128248	0
11	0.179547	0
11	0.230847	0
11	0.282146	0
11	0.333445	0
11	0.384745	0
11	0.436044	0
11	0.487343	0
11	0.538642	0
11	0.589942	0
11	0.641241	0
11	0.69254	0
11	0.74384	0
11	0.795139	0
11	0.846438	0
11	0.897737	0.046
11	0.949037	1.304
11	1.00034	7.536
11	1.05164	15.55
11	1.10293	21.218
11	1.15423	23.151
11	1.20553	22.831
11	1.25683	21.245
11	1.30813	20.685
11	1.35943	20.355
11	1.41073	19.569
11	1.46203	19.918
11	1.51333	19.894
11	1.56463	20.91
11	1.61593	21.011
11	1.66723	21.718
11	1.71853	23.055
11	1.76983	23.972
11	1.82112	24.974
11	1.87242	26.862
11	1.92372	28.403
11	1.97502	29.959
11	2.02632	31.289
11	2.07762	33.185
11	2.12892	35.175
11	2.18022	36.571
11	2.23152	38.029
11	2.28282	39.719
11	2.33412	41.006
11	2.38542	42.874
11	2.43672	44.089
11	2.48802	45.686
11	2.53931	46.865
11	2.59061	48.396
11	2.64191	50.016
11	2.69321	52.104
11	2.74451	53.655
11	2.79581	55.857
11	2.84711	57.184
11	2.89841	59.122
11	2.94971	61.416
11	3.00101	63.859
11	3.05231	65.76
11	3.10361	68.196
11	3.15491	69.786
11	3.2062	72.363
11	3.2575	74.85
11	3.3088	77.088
11	3.3601	78.807
11	3.4114	81.76
11	3.4627	83.564
11	3.514	86.874
11	3.5653	88.573
11	3.6166	90.789
11	3.6679	93.592
11	3.7192	95.438
11	3.7705	98.194
11	3.8218	101.13
11	3.8731	104.351
11	3.92439	105.366
11	3.97569	109.725
11	4.02699	110.047
11	4.07829	113.773
11	4.12959	117.074
11	4.18089	120.123
11	4.23219	122.532
11	4.28349	125.994
11	4.33479	129.479
11	4.38609	131.546
11	4.43739	134.452
11	4.48869	137.139
11	4.53999	140.519
11	4.59129	143.715
11	4.64258	148.173
11	4.69388	149.555
11	4.74518	153.06
11	4.79648	156.052
11	4.84778	159.799
11	4.89908	163.374
11	4.95038	165.831
11	5.00168	170.083
11	5.05298	174.195
11	5.10428	177.367
12	0.0256496	0
12	0.0769489	0
12	0.128248	0
12	0.179547	0
12	0.230847	0
12	0.282146	0
12	0.333445	0
12	0.384745	0
12	0.436044	0
12	0.487343	0
12	0.538642	0
12	0.589942	0
12	0.641241	0
12	0.69254	0
12	0.74384	0
12	0.795139	0
12	0.846438	0
12	0.897737	0.032
12	0.949037	1.462
12	1.00034	7.339
12	1.05164	15.807
12	1.10293	20.351
12	1.15423	22.707
12	1.20553	21.968
12	1.25683	21.729
12	1.30813	20.947
12	1.35943	19.804
12	1.41073	20.129
12	1.46203	19.776
12	1.51333	20.006
12	1.56463	20.583
12	1.61593	21.076
12	1.66723	21.844
12	1.71853	22.675
12	1.76983	24.196
12	1.82112	25.222
12	1.87242	26.323
12	1.92372	27.788
12	1.97502	29.281
12	2.02632	31.479
12	2.07762	32.845
12	2.12892	34.271
12	2.18022	36.42
12	2.23152	37.65
12	2.28282	39.469
12	2.33412	40.905
12	2.38542	41.665
12	2.43672	43.664
12	2.48802	45.098
12	2.53931	46.349
12	2.59061	47.283
12	2.64191	49.562
12	2.69321	50.868
12	2.74451	53.149
12	2.79581	54.593
12	2.84711	56.774
12	2.89841	58.728
12	2.94971	60.49
12	3.00101	62.747
12	3.05231	64.606
12	3.10361	66.256
12	3.15491	69.02
12	3.2062	71.055
12	3.2575	73.635
12	3.3088	75.351
12	3.3601	77.766
12	3.4114	79.186
12	3.4627	81.274
12	3.514	83.716
12	3.5653	86.918
12	3.6166	88.605
12	3.6679	91.75
12	3.7192	94.021
12	3.7705	97.167
12	3.8218	99.248
12	3.8731	101.558
12	3.92439	104.856
12	3.97569	106.97
12	4.02699	109.218
12	4.07829	112.861
12	4.12959	116.825
12	4.18089	118.455
12	4.23219	120.89
12	4.28349	124.899
12	4.33479	127.246
12	4.38609	130.078
12	4.43739	133.348
12	4.48869	136.828
12	4.53999	139.096
12	4.59129	142.476
12	4.64258	145.092
12	4.69388	149.286
12	4.74518	153.395
12	4.79648	155.291
12	4.84778	158.194
12	4.89908	162.454
12	4.95038	165.854
12	5.00168	168.979
12	5.05298	172.434
12	5.10428	176.968
13	0.0256496	0
13	0.0769489	0
13	0.128248	0
13	0.179547	0
13	0.230847	0
13	0.282146	0
13	0.333445	0
13	0.384745	0
13	0.436044	0
13	0.487343	0
13	0.538642	0
13	0.589942	0
13	0.641241	0
13	0.69254	0
13	0.74384	0
13	0.795139	0
13	0.846438	0
13	0.897737	0.036
13	0.949037	1.331
13	1.00034	7.713
13	1.05164	15.455
13	1.10293	21.174
13	1.15423	22.778
13	1.20553	21.751
13	1.25683	21.311
13	1.30813	20.681
13	1.35943	20.043
13	1.41073	19.681
13	1.46203	19.633
13	1.51333	19.969
13	1.56463	20.698
13	1.61593	21.096
13	1.66723	22.037
13	1.71853	23.236
13	1.76983	23.988
13	1.82112	25.472
13	1.87242	26.768
13	1.92372	28.403
13	1.97502	29.689
13	2.02632	31.836
13	2.07762	33.315
13	2.12892	35.066
13	2.18022	36.346
13	2.23152	38.64
13	2.28282	39.517
13	2.33412	40.915
13	2.38542	43.216
13	2.43672	43.738
13	2.48802	45.703
13	2.53931	47.033
13	2.59061	48.717
13	2.64191	50.808
13	2.69321	52.384
13	2.74451	55.462
13	2.79581	55.791
13	2.84711	58.1
13	2.89841	60.009
13	2.94971	62.361
13	3.00101	64.241
13	3.05231	65.372
13	3.10361	69.269
13	3.15491	70.12
13	3.2062	72.165
13	3.2575	75.086
13	3.3088	77.883
13	3.3601	79.537
13	3.4114	81.897
13	3.4627	83.724
13	3.514	85.937
13	3.5653	89.071
13	3.6166	91.451
13	3.6679	94.387
13	3.7192	97.357
13	3.7705	99.101
13	3.8218	101.593
13	3.8731	104.247
13	3.92439	107.264
13	3.97569	109.885
13	4.02699	112.732
13	4.07829	115.75
13	4.12959	117.194
13	4.18089	120.221
13	4.23219	123.799
13	4.28349	126.409
13	4.33479	128.897
13	4.38609	131.097
13	4.43739	134.788
13	4.48869	138.514
13	4.53999	141.515
13	4.59129	144.701
13	4.64258	148.292
13	4.69388	150.495
13	4.74518	154.826
13	4.79648	157.059
13	4.84778	160.637
13	4.89908	164.669
13	4.95038	167.984
13	5.00168	172.125
13	5.05298	174.517
13	5.10428	177.145
14	0.0256496	0
14	0.0769489	0
14	0.128248	0
14	0.179547	0
14	0.230847	0
14	0.282146	0
14	0.333445	0
14	0.384745	0
14	0.436044	0
14	0.487343	0
14	0.538642	0
14	0.589942	0
14	0.641241	0
14	0.69254	0
14	0.74384	0
14	0.795139	0
14	0.846438	0
14	0.897737	0.029
14	0.949037	1.415
14	1.00034	7.631
14	1.05164	16.238
14	1.10293	21.01
14	1.15423	22.441
14	1.20553	21.752
14	1.25683	21.658
14	1.30813	21.084
14	1.35943	20.421
14	1.41073	20.321
14	1.46203	20.329
14	1.51333	20.537
14	1.56463	21.103
14	1.61593	21.392
14	1.66723	22.154
14	1.71853	23.246
14	1.76983	24.32
14	1.82112	25.875
14	1.87242	27.134
14	1.92372	28.426
14	1.97502	30.019
14	2.02632	31.796
14	2.07762	33.774
14	2.12892	35.364
14	2.18022	36.959
14	2.23152	38.079
14	2.28282	39.895
14	2.33412	41.596
14	2.38542	43.125
14	2.43672	44.922
14	2.48802	45.414
14	2.53931	46.709
14	2.59061	48.78
14	2.64191	49.519
14	2.69321	52.074
14	2.74451	53.433
14	2.79581	55.621
14	2.84711	57.274
14	2.89841	59.223
14	2.94971	61.58
14	3.00101	63.532
14	3.05231	64.887
14	3.10361	67.732
14	3.15491	68.943
14	3.2062	71.638
14	3.2575	74.386
14	3.3088	76.338
14	3.3601	77.592
14	3.4114	80.283
14	3.4627	83.123
14	3.514	85.187
14	3.5653	88.12
14	3.6166	90.393
14	3.6679	92.755
14	3.7192	95.475
14	3.7705	97.659
14	3.8218	100.282
14	3.8731	103
14	3.92439	105.126
14	3.97569	107.861
14	4.02699	110.971
14	4.07829	113.918
14	4.12959	117.374
14	4.18089	119.856
14	4.23219	121.832
14	4.28349	125.165
14	4.33479	127.479
14	4.38609	131.01
14	4.43739	133.881
14	4.48869	137.055
14	4.53999	140.433
14	4.59129	143.42
14	4.64258	147.112
14	4.69388	150.504
14	4.74518	153.245
14	4.79648	156.931
14	4.84778	160.112
14	4.89908	161.638
14	4.95038	166.802
14	5.00168	169.753
14	5.05298	172.306
14	5.10428	177.275
15	0.0256496	0
15	0.0769489	0
15	0.128248	0
15	0.179547	0
15	0.230847	0
15	0.282146	0
15	0.333445	0
15	0.384745	0
15	0.436044	0
15	0.487343	0
15	0.538642	0
15	0.589942	0
15	0.641241	0
15	0.69254	0
15	0.74384	0
15	0.795139	0
15	0.846438	0
15	0.897737	0.041
15	0.949037	1.227
15	1.00034	7.429
15	1.05164	15.388
15	1.10293	20.408
15	1.15423	21.822
15	1.20553	22.063
15	1.25683	20.956
15	1.30813	20.134
15	1.35943	19.693
15	1.41073	19.611
15	1.46203	19.58
15	1.51333	20.036
15	1.56463	20.065
15	1.61593	20.75
15	1.66723	21.68
15	1.71853	22.464
15	1.76983	23.598
15	1.82112	24.651
15	1.87242	26.19
15	1.92372	27.665
15	1.97502	29.382
15	2.02632	31.008
15	2.07762	33.099
15	2.12892	34.491
15	2.18022	36.08
15	2.23152	37.405
15	2.28282	38.979
15	2.33412	40.75
15	2.38542	41.628
15	2.43672	43.525
15	2.48802	45.057
15	2.53931	46.17
15	2.59061	47.379
15	2.64191	49.497
15	2.69321	51.514
15	2.74451	52.997
15	2.79581	55.205
15	2.84711	56.337
15	2.89841	58.657
15	2.94971	61.19
15	3.00101	62.887
15	3.05231	64.135
15	3.10361	67.256
15	3.15491	68.315
15	3.2062	70.972
15	3.2575	73.227
15	3.3088	76.595
15	3.3601	78.016
15	3.4114	79.721
15	3.4627	82.288
15	3.514	84.672
15	3.5653	87.241
15	3.6166	88.571
15	3.6679	92.08
15	3.7192	94.977
15	3.7705	97.61
15	3.8218	100.031
15	3.8731	102.303
15	3.92439	104.656
15	3.97569	107.998
15	4.02699	110.715
15	4.07829	113.031
15	4.12959	116.244
15	4.18089	119.044
15	4.23219	121.559
15	4.28349	125.573
15	4.33479	129.003
15	4.38609	131.098
15	4.43739	134.032
15	4.48869	136.994
15	4.53999	140.467
15	4.59129	143.918
15	4.64258	145.326
15	4.69388	149.561
15	4.74518	153.745
15	4.79648	155.879
15	4.84778	159.541
15	4.89908	162.232
15	4.95038	166.482
15	5.00168	170.629
15	5.05298	174.665
15	5.10428	177.771
16	0.0256496	0
16	0.0769489	0
16	0.128248	0
16	0.179547	0
16	0.230847	0
16	0.282146	0
16	0.333445	0
16	0.384745	0
16	0.436044	0
16	0.487343	0
16	0.538642	0
16	0.589942	0
16	0.641241	0
16	0.69254	0
16	0.74384	0
16	0.795139	0
16	0.846438	0
16	0.897737	0.034
16	0.949037	1.403
16	1.00034	7.56
16	1.05164	16.618
16	1.10293	21.224
16	1.15423	22.884
16	1.20553	22.503
16	1.25683	21.662
16	1.30813	20.608
16	1.35943	20.803
16	1.41073	20.111
16	1.46203	19.894
16	1.51333	20.122
16	1.56463	20.624
16	1.61593	21.46
16	1.66723	21.979
16	1.71853	22.99
16	1.76983	24.679
16	1.82112	25.333
16	1.87242	27.072
16	1.92372	28.052
16	1.97502	30.41
16	2.02632	31.382
16	2.07762	33.417
16	2.12892	34.957
16	2.18022	36.738
16	2.23152	38.869
16	2.28282	39.971
16	2.33412	41.024
16	2.38542	43.132
16	2.43672	44.518
16	2.48802	46.349
16	2.53931	46.346
16	2.59061	47.739
16	2.64191	49.702
16	2.69321	52.112
16	2.74451	53.552
16	2.79581	56.443
16	2.84711	57.992
16	2.89841	58.364
16	2.94971	61.77
16	3.00101	63.244
16	3.05231	65.843
16	3.10361	68.06
16	3.15491	70.045
16	3.2062	72.315
16	3.2575	74.24
16	3.3088	76.736
16	3.3601	79.284
16	3.4114	81.18
16	3.4627	83.591
16	3.514	85.201
16	3.5653	88.489
16	3.6166	90.179
16	3.6679	92.455
16	3.7192	95.507
16	3.7705	98.526
16	3.8218	100.228
16	3.8731	103.831
16	3.92439	105.633
16	3.97569	108.297
16	4.02699	111.227
16	4.07829	114.217
16	4.12959	116.554
16	4.18089	119.178
16	4.23219	122.333
16	4.28349	124.876
16	4.33479	129.278
16	4.38609	130.776
16	4.43739	134.366
16	4.48869	137.003
16	4.53999	140.672
16	4.59129	143.278
16	4.64258	147.277
16	4.69388	149.644
16	4.74518	153.167
16	4.79648	156.723
16	4.84778	160.886
16	4.89908	163.257
16	4.95038	166.111
16	5.00168	170.244
16	5.05298	172.162
16	5.10428	177.409
17	0.0256496	0
17	0.0769489	0
17	0.128248	0
17	0.179547	0
17	0.230847	0
17	0.282146	0
17	0.333445	0
17	0.384745	0
17	0.436044	0
17	0.487343	0
17	0.538642	0
17	0.589942	0
17	0.641241	0
17	0.69254	0
17	0.74384	0
17	0.795139	0
17	0.846438	0
17	0.897737	0.033
17	0.949037	1.524
17	1.00034	8.212
17	1.05164	16.664
17	1.10293	22.014
17	1.15423	23.189
17	1.20553	22.962
17	1.25683	22.653
17	1.30813	21.691
17	1.35943	21.2
17	1.41073	20.978
17	1.46203	20.861
17	1.51333	21.439
17	1.56463	21.142
17	1.61593	22.478
17	1.66723	22.926
17	1.71853	23.993
17	1.76983	25.095
17	1.82112	26.588
17	1.87242	28.022
17	1.92372	29.103
17	1.97502	31.079
17	2.02632	32.801
17	2.07762	34.904
17	2.12892	36.184
17	2.18022	38.198
17	2.23152	40.016
17	2.28282	40.848
17	2.33412	42.8
17	2.38542	44.539
17	2.43672	45.952
17	2.48802	47.125
17	2.53931	47.567
17	2.59061	49.505
17	2.64191	51.457
17	2.69321	53.945
17	2.74451	55.037
17	2.79581	56.734
17	2.84711	58.911
17	2.89841	60.693
17	2.94971	62.418
17	3.00101	64.59
17	3.05231	66.983
17	3.10361	68.609
17	3.15491	70.906
17	3.2062	72.576
17	3.2575	75.113
17	3.3088	77.718
17	3.3601	79.987
17	3.4114	82.065
17	3.4627	84.032
17	3.514	86.182
17	3.5653	87.687
17	3.6166	90.315
17	3.6679	93.697
17	3.7192	96.803
17	3.7705	98.152
17	3.8218	100.197
17	3.8731	103.044
17	3.92439	105.293
17	3.97569	108.53
17	4.02699	110.445
17	4.07829	113.642
17	4.12959	116.226
17	4.18089	119.029
17	4.23219	121.971
17	4.28349	124.083
17	4.33479	127.788
17	4.38609	130.871
17	4.43739	133.557
17	4.48869	136.724
17	4.53999	138.964
17	4.59129	142.146
17	4.64258	145.148
17	4.69388	148.381
17	4.74518	151.801
17	4.79648	155.308
17	4.84778	158.728
17	4.89908	161.51
17	4.95038	164.947
17	5.00168	168.41
17	5.05298	171.224
17	5.10428	175.226
18	0.0256496	0
18	0.0769489	0
18	0.128248	0
18	0.179547	0
18	0.230847	0
18	0.282146	0
18	0.333445	0
18	0.384745	0
18	0.436044	0
18	0.487343	0
18	0.538642	0
18	0.589942	0
18	0.641241	0
18	0.69254	0
18	0.74384	0
18	0.795139	0
18	0.846438	0
18	0.897737	0.044
18	0.949037	1.369
18	1.00034	7.663
18	1.05164	16.42
18	1.10293	20.752
18	1.15423	22.197
18	1.20553	22.566
18	1.25683	21
18	1.30813	20.831
18	1.35943	20.356
18	1.41073	19.433
18	1.46203	19.757
18	1.51333	19.979
18	1.56463	20.808
18	1.61593	21.187
18	1.66723	22.202
18	1.71853	23.074
18	1.76983	24.244
18	1.82112	25.451
18	1.87242	27.192
18	1.92372	28.245
18	1.97502	29.961
18	2.02632	32.182
18	2.07762	33.363
18	2.12892	35.158
18	2.18022	36.979
18	2.23152	38.616
18	2.28282	39.836
18	2.33412	40.444
18	2.38542	43.008
18	2.43672	44.389
18	2.48802	45.493
18	2.53931	46.231
18	2.59061	48.357
18	2.64191	49.923
18	2.69321	52.23
18	2.74451	54.344
18	2.79581	55.679
18	2.84711	57.761
18	2.89841	59.486
18	2.94971	62.3
18	3.00101	64.114
18	3.05231	65.478
18	3.10361	68.398
18	3.15491	70.38
18	3.2062	72.646
18	3.2575	74.557
18	3.3088	77.277
18	3.3601	79.031
18	3.4114	81.698
18	3.4627	83.164
18	3.514	85.889
18	3.5653	87.953
18	3.6166	91.141
18	3.6679	93.523
18	3.7192	96.02
18	3.7705	99.64
18	3.8218	101.885
18	3.8731	103.42
18	3.92439	106.307
18	3.97569	109.663
18	4.02699	111.66
18	4.07829	113.017
18	4.12959	118.001
18	4.18089	119.708
18	4.23219	123.074
18	4.28349	125.68
18	4.33479	129.337
18	4.38609	132.914
18	4.43739	134.881
18	4.48869	138.443
18	4.53999	141.823
18	4.59129	144.187
18	4.64258	147.591
18	4.69388	150.756
18	4.74518	153.926
18	4.79648	157.451
18	4.84778	160.167
18	4.89908	164.617
18	4.95038	167.012
18	5.00168	169.962
18	5.05298	173.835
18	5.10428	178.08
19	0.0256496	0
19	0.0769489	0
19	0.128248	0
19	0.179547	0
19	0.230847	0
19	0.282146	0
19	0.333445	0
19	0.384745	0
19	0.436044	0
19	0.487343	0
19	0.538642	0
19	0.589942	0
19	0.641241	0
19	0.69254	0
19	0.74384	0
19	0.795139	0
19	0.846438	0
19	0.897737	0.038
19	0.949037	1.3
19	1.00034	7.153
19	1.05164	15.031
19	1.10293	20.379
19	1.15423	22.055
19	1.20553	21.754
19	1.25683	20.949
19	1.30813	19.858
19	1.35943	20.055
19	1.41073	19.24
19	1.46203	19.272
19	1.51333	19.553
19	1.56463	20.483
19	1.61593	20.964
19	1.66723	21.653
19	1.71853	22.42
19	1.76983	23.743
19	1.82112	24.525
19	1.87242	25.807
19	1.92372	27.321
19	1.97502	29.058
19	2.02632	30.255
19	2.07762	31.914
19	2.12892	34.315
19	2.18022	35.855
19	2.23152	37.324
19	2.28282	39.061
19	2.33412	40.195
19	2.38542	42.136
19	2.43672	43.317
19	2.48802	44.502
19	2.53931	45.623
19	2.59061	47.56
19	2.64191	49.233
19	2.69321	51.682
19	2.74451	52.884
19	2.79581	54.347
19	2.84711	56.516
19	2.89841	57.791
19	2.94971	59.76
19	3.00101	62.452
19	3.05231	65.344
19	3.10361	66.67
19	3.15491	68.74
19	3.2062	71.331
19	3.2575	72.097
19	3.3088	75.194
19	3.3601	77.499
19	3.4114	79.876
19	3.4627	81.519
19	3.514	84.13
19	3.5653	87.385
19	3.6166	89.272
19	3.6679	91.861
19	3.7192	94.592
19	3.7705	97.643
19	3.8218	99.706
19	3.8731	102.132
19	3.92439	105.261
19	3.97569	107.48
19	4.02699	110.769
19	4.07829	113.166
19	4.12959	116.684
19	4.18089	118.603
19	4.23219	121.486
19	4.28349	124.215
19	4.33479	127.67
19	4.38609	131.551
19	4.43739	133.966
19	4.48869	136.527
19	4.53999	141.328
19	4.59129	143.043
19	4.64258	145.959
19	4.69388	150.766
19	4.74518	153.051
19	4.79648	157.001
19	4.84778	159.48
19	4.89908	163.24
19	4.95038	168.011
19	5.00168	168.99
19	5.05298	173.682
19	5.10428	177.821
20	0.0256496	0
20	0.0769489	0
20	0.128248	0
20	0.179547	0
20	0.230847	0
20	0.282146	0
20	0.333445	0
20	0.384745	0
20	0.436044	0
20	0.487343	0
20	0.538642	0
20	0.589942	0
20	0.641241	0
20	0.69254	0
20	0.74384	0
20	0.795139	0
20	0.846438	0
20	0.897737	0.028
20	0.949037	1.399
20	1.00034	7.259
20	1.05164	15.545
20	1.10293	20.607
20	1.15423	22.603
20	1.20553	22
20	1.25683	21.078
20	1.30813	20.11
20	1.35943	19.892
20	1.41073	19.758
20	1.46203	19.629
20	1.51333	19.94
20	1.56463	20.586
20	1.61593	20.984
20	1.66723	21.77
20	1.71853	22.762
20	1.76983	23.399
20	1.82112	25.53
20	1.87242	26.658
20	1.92372	28.23
20	1.97502	29.899
20	2.02632	31.096
20	2.07762	33.396
20	2.12892	34.33
20	2.18022	36.669
20	2.23152	38.016
20	2.28282	39.389
20	2.33412	41.612
20	2.38542	42.427
20	2.43672	44.21
20	2.48802	45.181
20	2.53931	46.915
20	2.59061	47.761
20	2.64191	49.727
20	2.69321	51.782
20	2.74451	53.293
20	2.79581	55.083
20	2.84711	57.54
20	2.89841	59.019
20	2.94971	61.917
20	3.00101	63.2
20	3.05231	66.004
20	3.10361	67.252
20	3.15491	70.23
20	3.2062	71.464
20	3.2575	74.577
20	3.3088	75.708
20	3.3601	77.602
20	3.4114	80.958
20	3.4627	83.023
20	3.514	85.832
20	3.5653	87.236
20	3.6166	90.318
20	3.6679	92.477
20	3.7192	95.194
20	3.7705	97.782
20	3.8218	100.096
20	3.8731	103.659
20	3.92439	106.28
20	3.97569	108.861
20	4.02699	112.395
20	4.07829	114.442
20	4.12959	116.738
20	4.18089	119.411
20	4.23219	122.679
20	4.28349	124.103
20	4.33479	129.13
20	4.38609	131.855
20	4.43739	134.385
20	4.48869	138.421
20	4.53999	140.83
20	4.59129	143.25
20	4.64258	147.11
20	4.69388	149.598
20	4.74518	153.689
20	4.79648	156.98
20	4.84778	159.621
20	4.89908	163.928
20	4.95038	167.379
20	5.00168	169.733
20	5.05298	173.075
20	5.10428	176.863
21	0.0256496	0
21	0.0769489	0
21	0.128248	0
21	0.179547	0
21	0.230847	0
21	0.282146	0
21	0.333445	0
21	0.384745	0
21	0.436044	0
21	0.487343	0
21	0.538642	0
21	0.589942	0
21	0.641241	0
21	0.69254	0
21	0.74384	0
21	0.795139	0
21	0.846438	0
21	0.897737	0.032
21	0.949037	1.381
21	1.00034	7.286
21	1.05164	16.012
21	1.10293	20.739
21	1.15423	22.422
21	1.20553	22.068
21	1.25683	21.055
21	1.30813	21.241
21	1.35943	19.982
21	1.41073	19.912
21	1.46203	19.882
21	1.51333	20.458
21	1.56463	20.762
21	1.61593	21.042
21	1.66723	22.098
21	1.71853	22.821
21	1.76983	23.789
21	1.82112	25.166
21	1.87242	26.359
21	1.92372	27.917
21	1.97502	29.931
21	2.02632	30.998
21	2.07762	33.503
21	2.12892	34.852
21	2.18022	36.27
21	2.23152	38.148
21	2.28282	39.539
21	2.33412	41.835
21	2.38542	43.286
21	2.43672	43.686
21	2.48802	45.557
21	2.53931	47.059
21	2.59061	48.557
21	2.64191	49.274
21	2.69321	51.776
21	2.74451	53.465
21	2.79581	55.282
21	2.84711	57.213
21	2.89841	58.907
21	2.94971	61.313
21	3.00101	63.512
21	3.05231	64.749
21	3.10361	67.51
21	3.15491	70.129
21	3.2062	72.116
21	3.2575	74.308
21	3.3088	75.915
21	3.3601	78.105
21	3.4114	80.692
21	3.4627	82.933
21	3.514	86.299
21	3.5653	87.072
21	3.6166	89.437
21	3.6679	92.627
21	3.7192	95.596
21	3.7705	98.154
21	3.8218	99.924
21	3.8731	102.643
21	3.92439	105.286
21	3.97569	107.953
21	4.02699	111.072
21	4.07829	113.488
21	4.12959	116.907
21	4.18089	119.033
21	4.23219	122.509
21	4.28349	125.519
21	4.33479	128.457
21	4.38609	131.072
21	4.43739	133.852
21	4.48869	137.539
21	4.53999	140.688
21	4.59129	144.163
21	4.64258	147.135
21	4.69388	150.214
21	4.74518	153.252
21	4.79648	155.388
21	4.84778	160.935
21	4.89908	164.153
21	4.95038	166.827
21	5.00168	170.177
21	5.05298	173.929
21	5.10428	176.556
22	0.0256496	0
22	0.0769489	0
22	0.128248	0
22	0.179547	0
22	0.230847	0
22	0.282146	0
22	0.333445	0
22	0.384745	0
22	0.436044	0
22	0.487343	0
22	0.538642	0
22	0.589942	0
22	0.641241	0
22	0.69254	0
22	0.74384	0
22	0.795139	0
22	0.846438	0
22	0.897737	0.022
22	0.949037	1.194
22	1.00034	7.059
22	1.05164	15.685
22	1.10293	20.89
22	1.15423	22.758
22	1.20553	22.181
22	1.25683	21.078
22	1.30813	20.391
22	1.35943	20.141
22	1.41073	19.791
22	1.46203	19.305
22	1.51333	19.586
22	1.56463	20.151
22	1.61593	20.995
22	1.66723	21.622
22	1.71853	22.517
22	1.76983	23.445
22	1.82112	24.966
22	1.87242	26.27
22	1.92372	27.585
22	1.97502	29.04
22	2.02632	31.011
22	2.07762	32.924
22	2.12892	34.367
22	2.18022	35.632
22	2.23152	37.086
22	2.28282	39.02
22	2.33412	40.424
22	2.38542	41.918
22	2.43672	43.306
22	2.48802	44.816
22	2.53931	46.385
22	2.59061	47.065
22	2.64191	49.475
22	2.69321	51.424
22	2.74451	52.484
22	2.79581	54.598
22	2.84711	57.099
22	2.89841	58.366
22	2.94971	60.464
22	3.00101	62.097
22	3.05231	63.695
22	3.10361	66.242
22	3.15491	68.539
22	3.2062	70.669
22	3.2575	73.729
22	3.3088	75.56
22	3.3601	77.472
22	3.4114	80.669
22	3.4627	82.146
22	3.514	84.464
22	3.5653	87.185
22	3.6166	90.263
22	3.6679	92.594
22	3.7192	94.479
22	3.7705	96.809
22	3.8218	99.853
22	3.8731	101.916
22	3.92439	105.945
22	3.97569	107.625
22	4.02699	110.843
22	4.07829	113.124
22	4.12959	116.499
22	4.18089	119.505
22	4.23219	121.522
22	4.28349	125.6
22	4.33479	127.794
22	4.38609	130.456
22	4.43739	134.431
22	4.48869	137.554
22	4.53999	140.593
22	4.59129	144.335
22	4.64258	148.042
22	4.69388	149.722
22	4.74518	154.058
22	4.79648	156.08
22	4.84778	160.479
22	4.89908	163.422
22	4.95038	167.569
22	5.00168	170.557
22	5.05298	173.297
22	5.10428	177.687
23	0.0256496	0
23	0.0769489	0
23	0.128248	0
23	0.179547	0
23	0.230847	0
23	0.282146	0
23	0.333445	0
23	0.384745	0
23	0.436044	0
23	0.487343	0
23	0.538642	0
23	0.589942	0
23	0.641241	0
23	0.69254	0
23	0.74384	0
23	0.795139	0
23	0.846438	0
23	0.897737	0.043
23	0.949037	1.382
23	1.00034	7.657
23	1.05164	16.194
23	1.10293	21.889
23	1.15423	24.009
23	1.20553	23.138
23	1.25683	22.228
23	1.30813	21.244
23	1.35943	21.088
23	1.41073	20.571
23	1.46203	20.137
23	1.51333	21.187
23	1.56463	21.552
23	1.61593	21.828
23	1.66723	22.905
23	1.71853	23.614
23	1.76983	24.772
23	1.82112	25.871
23	1.87242	27.444
23	1.92372	29.35
23	1.97502	30.564
23	2.02632	32.097
23	2.07762	34.491
23	2.12892	36.074
23	2.18022	38.059
23	2.23152	38.786
23	2.28282	40.873
23	2.33412	42.474
23	2.38542	44.269
23	2.43672	45.628
23	2.48802	47.749
23	2.53931	47.761
23	2.59061	50.2
23	2.64191	51.96
23	2.69321	53.269
23	2.74451	55.129
23	2.79581	56.961
23	2.84711	58.842
23	2.89841	60.945
23	2.94971	62.675
23	3.00101	65.338
23	3.05231	66.103
23	3.10361	68.896
23	3.15491	70.957
23	3.2062	73.342
23	3.2575	76.37
23	3.3088	78.136
23	3.3601	80.75
23	3.4114	82.339
23	3.4627	84.82
23	3.514	85.94
23	3.5653	90.139
23	3.6166	91.87
23	3.6679	94.299
23	3.7192	95.995
23	3.7705	99.034
23	3.8218	101.919
23	3.8731	104.168
23	3.92439	107.141
23	3.97569	109.444
23	4.02699	112.024
23	4.07829	114.821
23	4.12959	116.874
23	4.18089	120.026
23	4.23219	121.768
23	4.28349	125.968
23	4.33479	128.454
23	4.38609	132.755
23	4.43739	133.951
23	4.48869	137.684
23	4.53999	140.671
23	4.59129	143.256
23	4.64258	146.687
23	4.69388	149.536
23	4.74518	152.422
23	4.79648	155.89
23	4.84778	158.863
23	4.89908	163.47
23	4.95038	165.453
23	5.00168	169.11
23	5.05298	171.63
23	5.10428	177.404
24	0.0256496	0
24	0.0769489	0
24	0.128248	0
24	0.179547	0
24	0.230847	0
24	0.282146	0
24	0.333445	0
24	0.384745	0
24	0.436044	0
24	0.487343	0
24	0.538642	0
24	0.589942	0
24	0.641241	0
24	0.69254	0
24	0.74384	0
24	0.795139	0
24	0.846438	0
24	0.897737	0.037
24	0.949037	1.303
24	1.00034	7.403
24	1.05164	15.666
24	1.10293	20.589
24	1.15423	22.061
24	1.20553	22.641
24	1.25683	21.44
24	1.30813	20.054
24	1.35943	20.008
24	1.41073	19.193
24	1.46203	19.812
24	1.51333	20.27
24	1.56463	20.158
24	1.61593	20.666
24	1.66723	21.679
24	1.71853	22.647
24	1.76983	24.001
24	1.82112	24.567
24	1.87242	26.559
24	1.92372	27.982
24	1.97502	29.095
24	2.02632	31.22
24	2.07762	33.006
24	2.12892	34.544
24	2.18022	35.763
24	2.23152	37.178
24	2.28282	39.55
24	2.33412	40.777
24	2.38542	42.001
24	2.43672	44.089
24	2.48802	44.859
24	2.53931	46.619
24	2.59061	47.652
24	2.64191	49.69
24	2.69321	51.577
24	2.74451	52.75
24	2.79581	54.444
24	2.84711	56.955
24	2.89841	58.852
24	2.94971	60.623
24	3.00101	62.992
24	3.05231	65.168
24	3.10361	67.083
24	3.15491	69.788
24	3.2062	71.417
24	3.2575	73.856
24	3.3088	76.083
24	3.3601	78.798
24	3.4114	80.712
24	3.4627	82.732
24	3.514	86.316
24	3.5653	87.596
24	3.6166	90.996
24	3.6679	93.346
24	3.7192	95.171
24	3.7705	97.738
24	3.8218	100.24
24	3.8731	102.491
24	3.92439	105.205
24	3.97569	109.105
24	4.02699	112.227
24	4.07829	113.871
24	4.12959	117.685
24	4.18089	119.415
24	4.23219	122.562
24	4.28349	125.387
24	4.33479	129.192
24	4.38609	131.162
24	4.43739	134.65
24	4.48869	138.167
24	4.53999	141.321
24	4.59129	144.872
24	4.64258	147.981
24	4.69388	149.966
24	4.74518	154.244
24	4.79648	155.675
24	4.84778	160.569
24	4.89908	163.924
24	4.95038	167.701
24	5.00168	171.077
24	5.05298	174.066
24	5.10428	178.026
25	0.0256496	0
25	0.0769489	0
25	0.128248	0
25	0.179547	0
25	0.230847	0
25	0.282146	0
25	0.333445	0
25	0.384745	0
25	0.436044	0
25	0.487343	0
25	0.538642	0
25	0.589942	0
25	0.641241	0
25	0.69254	0
25	0.74384	0
25	0.795139	0
25	0.846438	0
25	0.897737	0.028
25	0.949037	1.396
25	1.00034	7.17
25	1.05164	15.629
25	1.10293	20.816
25	1.15423	21.839
25	1.20553	22.354
25	1.25683	21.028
25	1.30813	20.387
25	1.35943	19.85
25	1.41073	19.627
25	1.46203	19.447
25	1.51333	20.098
25	1.56463	20.18
25	1.61593	21.008
25	1.66723	21.787
25	1.71853	23
25	1.76983	24.035
25	1.82112	25.419
25	1.87242	26.511
25	1.92372	27.626
25	1.97502	29.298
25	2.02632	31.451
25	2.07762	32.966
25	2.12892	34.484
25	2.18022	36.526
25	2.23152	37.778
25	2.28282	39.098
25	2.33412	40.978
25	2.38542	42.486
25	2.43672	44.599
25	2.48802	45.493
25	2.53931	47.116
25	2.59061	48.588
25	2.64191	49.406
25	2.69321	51.597
25	2.74451	53.723
25	2.79581	55.981
25	2.84711	57.95
25	2.89841	60.119
25	2.94971	61.355
25	3.00101	63.648
25	3.05231	65.988
25	3.10361	67.878
25	3.15491	69.857
25	3.2062	72.383
25	3.2575	74.316
25	3.3088	77.08
25	3.3601	79.181
25	3.4114	80.917
25	3.4627	83.537
25	3.514	85.14
25	3.5653	87.654
25	3.6166	90.557
25	3.6679	93.598
25	3.7192	95.154
25	3.7705	98.186
25	3.8218	100.553
25	3.8731	104.072
25	3.92439	106.132
25	3.97569	108.908
25	4.02699	110.971
25	4.07829	113.554
25	4.12959	116.842
25	4.18089	119.209
25	4.23219	122.077
25	4.28349	123.971
25	4.33479	127.922
25	4.38609	131.467
25	4.43739	133.634
25	4.48869	137.934
25	4.53999	139.717
25	4.59129	144.487
25	4.64258	146.836
25	4.69388	150.321
25	4.74518	153.915
25	4.79648	157.799
25	4.84778	159.786
25	4.89908	163.122
25	4.95038	165.715
25	5.00168	169.819
25	5.05298	173.474
25	5.10428	176.349
26	0.0256496	0
26	0.0769489	0
26	0.128248	0
26	0.179547	0
26	0.230847	0
26	0.282146	0
26	0.333445	0
26	0.384745	0
26	0.436044	0
26	0.487343	0
26	0.538642	0
26	0.589942	0
26	0.641241	0
26	0.69254	0
26	0.74384	0
26	0.795139	0
26	0.846438	0
26	0.897737	0.046
26	0.949037	1.325
26	1.00034	7.717
26	1.05164	15.218
26	1.10293	20.612
26	1.15423	22.405
26	1.20553	22.201
26	1.25683	21.169
26	1.30813	20.697
26	1.35943	20.291
26	1.41073	19.665
26	1.46203	19.944
26	1.51333	20.216
26	1.56463	20.251
26	1.61593	21.214
26	1.66723	22.205
26	1.71853	22.593
26	1.76983	23.804
26	1.82112	25.181
26	1.87242	26.388
26	1.92372	28.315
26	1.97502	29.667
26	2.02632	31.606
26	2.07762	33.057
26	2.12892	35.054
26	2.18022	36.741
26	2.23152	38.187
26	2.28282	40.008
26	2.33412	41.018
26	2.38542	42.838
26	2.43672	44.192
26	2.48802	45.706
26	2.53931	47.018
26	2.59061	48.553
26	2.64191	49.648
26	2.69321	51.768
26	2.74451	53.565
26	2.79581	56.374
26	2.84711	57.066
26	2.89841	59.782
26	2.94971	60.808
26	3.00101	63.477
26	3.05231	66.322
26	3.10361	67.958
26	3.15491	69.348
26	3.2062	72.241
26	3.2575	74.059
26	3.3088	76.091
26	3.3601	78.342
26	3.4114	81.751
26	3.4627	83.479
26	3.514	85.67
26	3.5653	87.874
26	3.6166	90.352
26	3.6679	92.814
26	3.7192	95.346
26	3.7705	97.83
26	3.8218	100.281
26	3.8731	102.872
26	3.92439	106.263
26	3.97569	109.109
26	4.02699	111.804
26	4.07829	114.992
26	4.12959	117.301
26	4.18089	120.992
26	4.23219	121.519
26	4.28349	125.48
26	4.33479	128.364
26	4.38609	131.662
26	4.43739	134.261
26	4.48869	136.95
26	4.53999	141.728
26	4.59129	143.256
26	4.64258	146.915
26	4.69388	149.945
26	4.74518	153.724
26	4.79648	156.16
26	4.84778	159.576
26	4.89908	163.214
26	4.95038	166.482
26	5.00168	171.017
26	5.05298	173.913
26	5.10428	177.468
27	0.0256496	0
27	0.0769489	0
27	0.128248	0
27	0.179547	0
27	0.230847	0
27	0.282146	0
27	0.333445	0
27	0.384745	0
27	0.436044	0
27	0.487343	0
27	0.538642	0
27	0.589942	0
27	0.641241	0
27	0.69254	0
27	0.74384	0
27	0.795139	0
27	0.846438	0
27	0.897737	0.03
27	0.949037	1.267
27	1.00034	7.462
27	1.05164	15.192
27	1.10293	20.121
27	1.15423	22.276
27	1.20553	21.22
27	1.25683	20.567
27	1.30813	19.802
27	1.35943	19.334
27	1.41073	19.186
27	1.46203	19.489
27	1.51333	20.099
27	1.56463	20.198
27	1.61593	20.785
27	1.66723	21.435
27	1.71853	22.329
27	1.76983	23.346
27	1.82112	24.856
27	1.87242	26.382
27	1.92372	27.393
27	1.97502	29.384
27	2.02632	30.682
27	2.07762	32.764
27	2.12892	33.901
27	2.18022	35.567
27	2.23152	37.314
27	2.28282	38.796
27	2.33412	40.399
27	2.38542	41.953
27	2.43672	43.465
27	2.48802	44.57
27	2.53931	46.465
27	2.59061	47.424
27	2.64191	49.598
27	2.69321	50.875
27	2.74451	52.941
27	2.79581	55.325
27	2.84711	56.566
27	2.89841	58.859
27	2.94971	60.587
27	3.00101	63.448
27	3.05231	65.077
27	3.10361	67.204
27	3.15491	68.519
27	3.2062	71.697
27	3.2575	72.755
27	3.3088	75.549
27	3.3601	78.366
27	3.4114	80.873
27	3.4627	82.436
27	3.514	86.633
27	3.5653	87.628
27	3.6166	89.332
27	3.6679	91.884
27	3.7192	95.281
27	3.7705	98.557
27	3.8218	100.924
27	3.8731	102.969
27	3.92439	106.181
27	3.97569	108.14
27	4.02699	110.518
27	4.07829	114.204
27	4.12959	116.448
27	4.18089	119.087
27	4.23219	123.23
27	4.28349	125.989
27	4.33479	128.594
27	4.38609	131.612
27	4.43739	134.9
27	4.48869	137.466
27	4.53999	140.807
27	4.59129	143.236
27	4.64258	147.157
27	4.69388	150.401
27	4.74518	154.281
27	4.79648	156.601
27	4.84778	160.014
27	4.89908	164.265
27	4.95038	167.479
27	5.00168	171.507
27	5.05298	175.642
27	5.10428	177.208
28	0.0256496	0
28	0.0769489	0
28	0.128248	0
28	0.179547	0
28	0.230847	0
28	0.282146	0
28	0.333445	0
28	0.384745	0
28	0.436044	0
28	0.487343	0
28	0.538642	0
28	0.589942	0
28	0.641241	0
28	0.69254	0
28	0.74384	0
28	0.795139	0
28	0.846438	0
28	0.897737	0.058
28	0.949037	1.397
28	1.00034	7.402
28	1.05164	15.859
28	1.10293	20.961
28	1.15423	22.09
28	1.20553	22.162
28	1.25683	21.63
28	1.30813	20.529
28	1.35943	19.868
28	1.41073	19.649
28	1.46203	19.814
28	1.51333	19.632
28	1.56463	20.479
28	1.61593	20.894
28	1.66723	21.791
28	1.71853	22.609
28	1.76983	23.231
28	1.82112	25.028
28	1.87242	26.068
28	1.92372	27.775
28	1.97502	29.226
28	2.02632	31.193
28	2.07762	32.95
28	2.12892	34.635
28	2.18022	36.633
28	2.23152	38.55
28	2.28282	39.453
28	2.33412	40.585
28	2.38542	42.023
28	2.43672	43.833
28	2.48802	44.787
28	2.53931	46.027
28	2.59061	47.424
28	2.64191	49.878
28	2.69321	50.737
28	2.74451	52.918
28	2.79581	54.755
28	2.84711	56.509
28	2.89841	58.333
28	2.94971	60.306
28	3.00101	62.592
28	3.05231	65.242
28	3.10361	67.072
28	3.15491	69.556
28	3.2062	71.203
28	3.2575	73.169
28	3.3088	75.851
28	3.3601	78.363
28	3.4114	79.593
28	3.4627	82.875
28	3.514	84.729
28	3.5653	87.774
28	3.6166	90.196
28	3.6679	91.411
28	3.7192	94.704
28	3.7705	96.998
28	3.8218	99.41
28	3.8731	102.208
28	3.92439	104.572
28	3.97569	107.557
28	4.02699	111.188
28	4.07829	112.205
28	4.12959	115.158
28	4.18089	118.728
28	4.23219	121.93
28	4.28349	124.618
28	4.33479	128.041
28	4.38609	130.055
28	4.43739	134.265
28	4.48869	135.462
28	4.53999	139.325
28	4.59129	143.267
28	4.64258	146.102
28	4.69388	149.831
28	4.74518	153.354
28	4.79648	156.165
28	4.84778	159.241
28	4.89908	163.488
28	4.95038	165.362
28	5.00168	170.552
28	5.05298	172.233
28	5.10428	176.275
29	0.0256496	0
29	0.0769489	0
29	0.128248	0
29	0.179547	0
29	0.230847	0
29	0.282146	0
29	0.333445	0
29	0.384745	0
29	0.436044	0
29	0.487343	0
29	0.538642	0
29	0.589942	0
29	0.641241	0
29	0.69254	0
29	0.74384	0
29	0.795139	0
29	0.846438	0
29	0.897737	0.039
29	0.949037	1.32
29	1.00034	7.453
29	1.05164	15.927
29	1.10293	21.658
29	1.15423	22.144
29	1.20553	22.452
29	1.25683	22.075
29	1.30813	20.664
29	1.35943	20.748
29	1.41073	20.468
29	1.46203	20.034
29	1.51333	20.05
29	1.56463	20.936
29	1.61593	21.48
29	1.66723	21.984
29	1.71853	23.319
29	1.76983	23.994
29	1.82112	25.372
29	1.87242	26.917
29	1.92372	28.5
29	1.97502	29.278
29	2.02632	31.495
29	2.07762	33.51
29	2.12892	34.44
29	2.18022	36.656
29	2.23152	38.608
29	2.28282	39.321
29	2.33412	41.403
29	2.38542	43.301
29	2.43672	44.132
29	2.48802	45.92
29	2.53931	46.168
29	2.59061	48.52
29	2.64191	49.479
29	2.69321	51.348
29	2.74451	53.673
29	2.79581	54.984
29	2.84711	57.647
29	2.89841	58.922
29	2.94971	61.356
29	3.00101	63.151
29	3.05231	65.01
29	3.10361	67.789
29	3.15491	69.577
29	3.2062	71.376
29	3.2575	73.688
29	3.3088	76.785
29	3.3601	77.794
29	3.4114	80.153
29	3.4627	82.956
29	3.514	84.731
29	3.5653	87.285
29	3.6166	90.323
29	3.6679	92.653
29	3.7192	94.922
29	3.7705	97.716
29	3.8218	99.908
29	3.8731	103.297
29	3.92439	106.154
29	3.97569	108.027
29	4.02699	110.292
29	4.07829	112.731
29	4.12959	116.124
29	4.18089	119.147
29	4.23219	121.961
29	4.28349	125.255
29	4.33479	127.549
29	4.38609	131.335
29	4.43739	134.302
29	4.48869	136.928
29	4.53999	140.143
29	4.59129	143.248
29	4.64258	146.02
29	4.69388	149.043
29	4.74518	152.736
29	4.79648	155.693
29	4.84778	159.485
29	4.89908	163.172
29	4.95038	167.153
29	5.00168	170.605
29	5.05298	173.88
29	5.10428	176.395
30	0.0256496	0
30	0.0769489	0
30	0.128248	0
30	0.179547	0
30	0.230847	0
30	0.282146	0
30	0.333445	0
30	0.384745	0
30	0.436044	0
30	0.487343	0
30	0.538642	0
30	0.589942	0
30	0.641241	0
30	0.69254	0
30	0.74384	0
30	0.795139	0
30	0.846438	0
30	0.897737	0.042
30	0.949037	1.383
30	1.00034	7.88
30	1.05164	16.483
30	1.10293	21.432
30	1.15423	22.228
30	1.20553	22.507
30	1.25683	21.395
30	1.30813	20.666
30	1.35943	20.061
30	1.41073	19.738
30	1.46203	19.917
30	1.51333	20.045
30	1.56463	20.812
30	1.61593	21.529
30	1.66723	21.753
30	1.71853	23.287
30	1.76983	24.101
30	1.82112	25.106
30	1.87242	26.345
30	1.92372	27.918
30	1.97502	29.699
30	2.02632	31.214
30	2.07762	33.229
30	2.12892	34.738
30	2.18022	36.807
30	2.23152	38.056
30	2.28282	39.731
30	2.33412	40.567
30	2.38542	42.256
30	2.43672	44.419
30	2.48802	44.461
30	2.53931	46.402
30	2.59061	48.771
30	2.64191	49.439
30	2.69321	51.567
30	2.74451	53.158
30	2.79581	55.04
30	2.84711	57.084
30	2.89841	59.393
30	2.94971	61.224
30	3.00101	63.612
30	3.05231	65.171
30	3.10361	67.982
30	3.15491	69.842
30	3.2062	71.595
30	3.2575	73.86
30	3.3088	75.726
30	3.3601	78.009
30	3.4114	80.212
30	3.4627	82.863
30	3.514	85.835
30	3.5653	87.843
30	3.6166	90.684
30	3.6679	92.706
30	3.7192	95.26
30	3.7705	97.324
30	3.8218	99.931
30	3.8731	103.344
30	3.92439	104.992
30	3.97569	108.475
30	4.02699	111.494
30	4.07829	114.298
30	4.12959	117.294
30	4.18089	119.426
30	4.23219	122.065
30	4.28349	125.375
30	4.33479	127.903
30	4.38609	131.247
30	4.43739	134.1
30	4.48869	137.414
30	4.53999	140.343
30	4.59129	143.843
30	4.64258	147.605
30	4.69388	149.494
30	4.74518	152.88
30	4.79648	156.236
30	4.84778	159.684
30	4.89908	162.358
30	4.95038	167.364
30	5.00168	170.469
30	5.05298	173.259
30	5.10428	177.508
31	0.0256496	0
31	0.0769489	0
31	0.128248	0
31	0.179547	0
31	0.230847	0
31	0.282146	0
31	0.333445	0
31	0.384745	0
31	0.436044	0
31	0.487343	0
31	0.538642	0
31	0.589942	0
31	0.641241	0
31	0.69254	0
31	0.74384	0
31	0.795139	0
31	0.846438	0
31	0.897737	0.05
31	0.949037	1.272
31	1.00034	7.593
31	1.05164	15.933
31	1.10293	20.956
31	1.15423	22.643
31	1.20553	22.42
31	1.25683	21.524
31	1.30813	20.753
31	1.35943	20.401
31	1.41073	20.27
31	1.46203	19.322
31	1.51333	20.146
31	1.56463	20.722
31	1.61593	21.46
31	1.66723	21.849
31	1.71853	23.291
31	1.76983	23.901
31	1.82112	25.383
31	1.87242	26.522
31	1.92372	28.007
31	1.97502	29.387
31	2.02632	31.657
31	2.07762	33.268
31	2.12892	35.156
31	2.18022	36.102
31	2.23152	38.026
31	2.28282	39.574
31	2.33412	40.605
31	2.38542	42.401
31	2.43672	43.441
31	2.48802	44.739
31	2.53931	46.785
31	2.59061	47.946
31	2.64191	49.698
31	2.69321	51.608
31	2.74451	53.344
31	2.79581	54.854
31	2.84711	57.01
31	2.89841	58.465
31	2.94971	61.139
31	3.00101	63.205
31	3.05231	65.011
31	3.10361	67.516
31	3.15491	69.563
31	3.2062	71.136
31	3.2575	73.993
31	3.3088	75.067
31	3.3601	78.447
31	3.4114	80.872
31	3.4627	82.707
31	3.514	84.986
31	3.5653	86.89
31	3.6166	90.582
31	3.6679	91.856
31	3.7192	93.902
31	3.7705	97.694
31	3.8218	100.058
31	3.8731	102.796
31	3.92439	105.267
31	3.97569	108.7
31	4.02699	110.614
31	4.07829	114.346
31	4.12959	116.621
31	4.18089	119.556
31	4.23219	122.613
31	4.28349	126.312
31	4.33479	128.014
31	4.38609	132.248
31	4.43739	134.084
31	4.48869	136.856
31	4.53999	140.021
31	4.59129	144.239
31	4.64258	147.022
31	4.69388	149.255
31	4.74518	152.896
31	4.79648	156.525
31	4.84778	159.874
31	4.89908	163.094
31	4.95038	168.101
31	5.00168	170.401
31	5.05298	174.707
31	5.10428	177.995
32	0.0256496	0
32	0.0769489	0
32	0.128248	0
32	0.179547	0
32	0.230847	0
32	0.282146	0
32	0.333445	0
32	0.384745	0
32	0.436044	0
32	0.487343	0
32	0.538642	0
32	0.589942	0
32	0.641241	0
32	0.69254	0
32	0.74384	0
32	0.795139	0
32	0.846438	0
32	0.897737	0.027
32	0.949037	1.445
32	1.00034	7.613
32	1.05164	16.307
32	1.10293	21.023
32	1.15423	23.069
32	1.20553	22.734
32	1.25683	21.481
32	1.30813	20.944
32	1.35943	20.571
32	1.41073	20.616
32	1.46203	20.777
32	1.51333	21.035
32	1.56463	20.819
32	1.61593	21.534
32	1.66723	22.262
32	1.71853	23.214
32	1.76983	24.626
32	1.82112	25.13
32	1.87242	26.78
32	1.92372	28.12
32	1.97502	30.802
32	2.02632	31.988
32	2.07762	33.646
32	2.12892	35.074
32	2.18022	37.764
32	2.23152	39.229
32	2.28282	41.008
32	2.33412	41.918
32	2.38542	43.21
32	2.43672	44.986
32	2.48802	46.255
32	2.53931	47.578
32	2.59061	49.65
32	2.64191	50.418
32	2.69321	52.346
32	2.74451	54.543
32	2.79581	56.289
32	2.84711	58.134
32	2.89841	60.104
32	2.94971	61.469
32	3.00101	63.656
32	3.05231	66.146
32	3.10361	68.57
32	3.15491	70.803
32	3.2062	72.414
32	3.2575	74.852
32	3.3088	76.932
32	3.3601	78.652
32	3.4114	81.008
32	3.4627	83.243
32	3.514	86.696
32	3.5653	87.941
32	3.6166	91.172
32	3.6679	92.808
32	3.7192	95.889
32	3.7705	97.852
32	3.8218	101.036
32	3.8731	102.984
32	3.92439	105.594
32	3.97569	109.131
32	4.02699	110.836
32	4.07829	114.014
32	4.12959	117.046
32	4.18089	120.417
32	4.23219	122.931
32	4.28349	125.374
32	4.33479	128.148
32	4.38609	131.587
32	4.43739	134.306
32	4.48869	138.01
32	4.53999	139.348
32	4.59129	144.064
32	4.64258	146.68
32	4.69388	149.568
32	4.74518	152.707
32	4.79648	156.752
32	4.84778	159.671
32	4.89908	162.563
32	4.95038	166.408
32	5.00168	170.337
32	5.05298	172.867
32	5.10428	176.756
33	0.0256496	0
33	0.0769489	0
33	0.128248	0
33	0.179547	0
33	0.230847	0
33	0.282146	0
33	0.333445	0
33	0.384745	0
33	0.436044	0
33	0.487343	0
33	0.538642	0
33	0.589942	0
33	0.641241	0
33	0.69254	0
33	0.74384	0
33	0.795139	0
33	0.846438	0
33	0.897737	0.033
33	0.949037	1.386
33	1.00034	7.182
33	1.05164	15.33
33	1.10293	20.728
33	1.15423	21.537
33	1.20553	21.81
33	1.25683	20.394
33	1.30813	20.123
33	1.35943	19.882
33	1.41073	19.644
33	1.46203	19.399
33	1.51333	19.946
33	1.56463	20.28
33	1.61593	21.03
33	1.66723	21.919
33	1.71853	22.605
33	1.76983	23.618
33	1.82112	24.994
33	1.87242	26.032
33	1.92372	27.427
33	1.97502	29.224
33	2.02632	31.233
33	2.07762	32.131
33	2.12892	34.957
33	2.18022	35.866
33	2.23152	37.46
33	2.28282	38.822
33	2.33412	40.8
33	2.38542	41.352
33	2.43672	43.382
33	2.48802	44.668
33	2.53931	45.756
33	2.59061	46.934
33	2.64191	49.793
33	2.69321	51.257
33	2.74451	52.972
33	2.79581	54.87
33	2.84711	56.561
33	2.89841	58.418
33	2.94971	59.979
33	3.00101	63.441
33	3.05231	64.489
33	3.10361	67.208
33	3.15491	69.173
33	3.2062	71.26
33	3.2575	74.228
33	3.3088	76.301
33	3.3601	78.486
33	3.4114	80.425
33	3.4627	82.601
33	3.514	85.235
33	3.5653	87.514
33	3.6166	91.012
33	3.6679	92.949
33	3.7192	94.192
33	3.7705	98.094
33	3.8218	100.192
33	3.8731	103.374
33	3.92439	106.158
33	3.97569	107.543
33	4.02699	111.237
33	4.07829	113.408
33	4.12959	115.951
33	4.18089	119.759
33	4.23219	123.578
33	4.28349	126.486
33	4.33479	128.721
33	4.38609	132.508
33	4.43739	134.663
33	4.48869	137.7
33	4.53999	140.6
33	4.59129	144.89
33	4.64258	147.188
33	4.69388	151.686
33	4.74518	154.499
33	4.79648	157.063
33	4.84778	160.808
33	4.89908	163.361
33	4.95038	168.211
33	5.00168	172.332
33	5.05298	175.001
33	5.10428	177.296
34	0.0256496	0
34	0.0769489	0
34	0.128248	0
34	0.179547	0
34	0.230847	0
34	0.282146	0
34	0.333445	0
34	0.384745	0
34	0.436044	0
34	0.487343	0
34	0.538642	0
34	0.589942	0
34	0.641241	0
34	0.69254	0
34	0.74384	0
34	0.795139	0
34	0.846438	0
34	0.897737	0.025
34	0.949037	1.324
34	1.00034	7.604
34	1.05164	15.423
34	1.10293	20.707
34	1.15423	22.218
34	1.20553	21.665
34	1.25683	21.446
34	1.30813	20.186
34	1.35943	19.893
34	1.41073	19.495
34	1.46203	19.681
34	1.51333	20.302
34	1.56463	20.65
34	1.61593	21.248
34	1.66723	22.274
34	1.71853	22.215
34	1.76983	23.87
34	1.82112	25.217
34	1.87242	26.007
34	1.92372	27.602
34	1.97502	29.522
34	2.02632	31.654
34	2.07762	32.625
34	2.12892	34.705
34	2.18022	36.141
34	2.23152	37.764
34	2.28282	39.686
34	2.33412	40.473
34	2.38542	41.776
34	2.43672	43.918
34	2.48802	45.001
34	2.53931	46.409
34	2.59061	48.272
34	2.64191	50.009
34	2.69321	51.529
34	2.74451	53.261
34	2.79581	55.676
34	2.84711	57.144
34	2.89841	58.638
34	2.94971	61.628
34	3.00101	63.044
34	3.05231	65.131
34	3.10361	67.115
34	3.15491	69.631
34	3.2062	71.924
34	3.2575	74.014
34	3.3088	76.313
34	3.3601	78.808
34	3.4114	81.124
34	3.4627	82.545
34	3.514	86.256
34	3.5653	89.084
34	3.6166	90.312
34	3.6679	92.698
34	3.7192	95.155
34	3.7705	97.438
34	3.8218	100.56
34	3.8731	103.874
34	3.92439	105.784
34	3.97569	108.588
34	4.02699	111.152
34	4.07829	113.966
34	4.12959	116.808
34	4.18089	118.293
34	4.23219	122.876
34	4.28349	123.896
34	4.33479	129.173
34	4.38609	131.042
34	4.43739	134.363
34	4.48869	136.991
34	4.53999	141.973
34	4.59129	143.783
34	4.64258	146.474
34	4.69388	149.407
34	4.74518	153.18
34	4.79648	156.839
34	4.84778	159.523
34	4.89908	163.581
34	4.95038	166.224
34	5.00168	170.345
34	5.05298	172.698
34	5.10428	177.554
35	0.0256496	0
35	0.0769489	0
35	0.128248	0
35	0.179547	0
35	0.230847	0
35	0.282146	0
35	0.333445	0
35	0.384745	0
35	0.436044	0
35	0.487343	0
35	0.538642	0
35	0.589942	0
35	0.641241	0
35	0.69254	0
35	0.74384	0
35	0.795139	0
35	0.846438	0
35	0.897737	0.026
35	0.949037	1.353
35	1.00034	7.894
35	1.05164	16.492
35	1.10293	21.719
35	1.15423	23.233
35	1.20553	22.948
35	1.25683	21.942
35	1.30813	20.958
35	1.35943	20.969
35	1.41073	20.657
35	1.46203	20.273
35	1.51333	20.82
35	1.56463	20.776
35	1.61593	21.498
35	1.66723	22.265
35	1.71853	23.416
35	1.76983	24.768
35	1.82112	25.507
35	1.87242	27.007
35	1.92372	28.94
35	1.97502	30.378
35	2.02632	32.125
35	2.07762	34.785
35	2.12892	36.122
35	2.18022	37.878
35	2.23152	39.242
35	2.28282	40.876
35	2.33412	42.157
35	2.38542	43.309
35	2.43672	45.568
35	2.48802	46.447
35	2.53931	48.025
35	2.59061	48.921
35	2.64191	50.728
35	2.69321	52.55
35	2.74451	54.344
35	2.79581	56.633
35	2.84711	58.109
35	2.89841	60.743
35	2.94971	62.244
35	3.00101	64.2
35	3.05231	66.392
35	3.10361	68.139
35	3.15491	70.924
35	3.2062	73.171
35	3.2575	75.324
35	3.3088	77.577
35	3.3601	79.351
35	3.4114	82.51
35	3.4627	84.224
35	3.514	85.815
35	3.5653	88.875
35	3.6166	91.633
35	3.6679	93.165
35	3.7192	96.018
35	3.7705	99.474
35	3.8218	100.843
35	3.8731	102.798
35	3.92439	105.867
35	3.97569	109.155
35	4.02699	111.6
35	4.07829	114.139
35	4.12959	117.011
35	4.18089	120.167
35	4.23219	123.322
35	4.28349	125.813
35	4.33479	129.22
35	4.38609	132.159
35	4.43739	134.645
35	4.48869	138.785
35	4.53999	141.105
35	4.59129	145.169
35	4.64258	147.123
35	4.69388	150.434
35	4.74518	153.973
35	4.79648	155.716
35	4.84778	159.621
35	4.89908	163.909
35	4.95038	166.298
35	5.00168	170.051
35	5.05298	173.223
35	5.10428	176.124
36	0.0256496	0
36	0.0769489	0
36	0.128248	0
36	0.179547	0
36	0.230847	0
36	0.282146	0
36	0.333445	0
36	0.384745	0
36	0.436044	0
36	0.487343	0
36	0.538642	0
36	0.589942	0
36	0.641241	0
36	0.69254	0
36	0.74384	0
36	0.795139	0
36	0.846438	0
36	0.897737	0.016
36	0.949037	1.237
36	1.00034	7.478
36	1.05164	16.089
36	1.10293	20.992
36	1.15423	21.929
36	1.20553	22.234
36	1.25683	21.064
36	1.30813	20.174
36	1.35943	20.069
36	1.41073	19.77
36	1.46203	19.551
36	1.51333	19.667
36	1.56463	20.705
36	1.61593	20.665
36	1.66723	21.752
36	1.71853	22.421
36	1.76983	23.779
36	1.82112	24.928
36	1.87242	26.004
36	1.92372	27.497
36	1.97502	28.691
36	2.02632	31.239
36	2.07762	32.608
36	2.12892	34.45
36	2.18022	36.05
36	2.23152	37.607
36	2.28282	39.091
36	2.33412	40.796
36	2.38542	41.642
36	2.43672	43.87
36	2.48802	44.483
36	2.53931	45.714
36	2.59061	47.823
36	2.64191	49.222
36	2.69321	51.253
36	2.74451	52.567
36	2.79581	54.919
36	2.84711	55.969
36	2.89841	58.832
36	2.94971	60.516
36	3.00101	61.75
36	3.05231	64.604
36	3.10361	66.624
36	3.15491	68.219
36	3.2062	71.263
36	3.2575	73.347
36	3.3088	75.76
36	3.3601	78.346
36	3.4114	80.252
36	3.4627	82.187
36	3.514	84.267
36	3.5653	86.589
36	3.6166	88.12
36	3.6679	90.528
36	3.7192	93.092
36	3.7705	96.408
36	3.8218	99.51
36	3.8731	101.166
36	3.92439	104.782
36	3.97569	107.759
36	4.02699	109.862
36	4.07829	112.974
36	4.12959	115.393
36	4.18089	119.034
36	4.23219	120.865
36	4.28349	124.279
36	4.33479	128.309
36	4.38609	129.251
36	4.43739	133.299
36	4.48869	135.908
36	4.53999	139.294
36	4.59129	142.905
36	4.64258	146.137
36	4.69388	148.591
36	4.74518	152.037
36	4.79648	153.786
36	4.84778	158.498
36	4.89908	163.191
36	4.95038	165.739
36	5.00168	169.455
36	5.05298	172.96
36	5.10428	176.547
37	0.0256496	0
37	0.0769489	0
37	0.128248	0
37	0.179547	0
37	0.230847	0
37	0.282146	0
37	0.333445	0
37	0.384745	0
37	0.436044	0
37	0.487343	0
37	0.538642	0
37	0.589942	0
37	0.641241	0
37	0.69254	0
37	0.74384	0
37	0.795139	0
37	0.846438	0
37	0.897737	0.028
37	0.949037	1.253
37	1.00034	7.51
37	1.05164	15.481
37	1.10293	21.515
37	1.15423	22.673
37	1.20553	22.329
37	1.25683	21.532
37	1.30813	20.295
37	1.35943	20.841
37	1.41073	19.947
37	1.46203	19.933
37	1.51333	20.297
37	1.56463	20.741
37	1.61593	21.228
37	1.66723	22.336
37	1.71853	22.43
37	1.76983	24.064
37	1.82112	25.584
37	1.87242	26.687
37	1.92372	28.421
37	1.97502	29.947
37	2.02632	32.028
37	2.07762	33.114
37	2.12892	35.688
37	2.18022	36.983
37	2.23152	38.528
37	2.28282	40.057
37	2.33412	41.808
37	2.38542	43.4
37	2.43672	44.35
37	2.48802	45.613
37	2.53931	46.543
37	2.59061	49.422
37	2.64191	50.242
37	2.69321	52.022
37	2.74451	54.068
37	2.79581	56.075
37	2.84711	56.914
37	2.89841	58.763
37	2.94971	61.577
37	3.00101	63.841
37	3.05231	65.681
37	3.10361	68.223
37	3.15491	69.869
37	3.2062	71.773
37	3.2575	74.558
37	3.3088	76.688
37	3.3601	79.253
37	3.4114	80.804
37	3.4627	83.822
37	3.514	85.501
37	3.5653	88.227
37	3.6166	90.786
37	3.6679	93.075
37	3.7192	95.079
37	3.7705	97.669
37	3.8218	100.296
37	3.8731	102.366
37	3.92439	105.831
37	3.97569	107.882
37	4.02699	110.998
37	4.07829	113.578
37	4.12959	117.456
37	4.18089	119.031
37	4.23219	122.329
37	4.28349	126.648
37	4.33479	128.427
37	4.38609	131.549
37	4.43739	134.476
37	4.48869	137.704
37	4.53999	141.199
37	4.59129	143.529
37	4.64258	147.259
37	4.69388	149.403
37	4.74518	154.017
37	4.79648	156.455
37	4.84778	159.711
37	4.89908	162.918
37	4.95038	165.84
37	5.00168	169.712
37	5.05298	173.79
37	5.10428	176.776
38	0.0256496	0
38	0.0769489	0
38	0.128248	0
38	0.179547	0
38	0.230847	0
38	0.282146	0
38	0.333445	0
38	0.384745	0
38	0.436044	0
38	0.487343	0
38	0.538642	0
38	0.589942	0
38	0.641241	0
38	0.69254	0
38	0.74384	0
38	0.795139	0
38	0.846438	0
38	0.897737	0.041
38	0.949037	1.408
38	1.00034	7.145
38	1.05164	15.795
38	1.10293	20.565
38	1.15423	21.862
38	1.20553	21.988
38	1.25683	20.437
38	1.30813	20.332
38	1.35943	19.988
38	1.41073	19.673
38	1.46203	19.481
38	1.51333	19.959
38	1.56463	20.081
38	1.61593	20.85
38	1.66723	22.126
38	1.71853	22.394
38	1.76983	23.167
38	1.82112	24.658
38	1.87242	26.137
38	1.92372	27.131
38	1.97502	29.125
38	2.02632	30.43
38	2.07762	32.368
38	2.12892	33.804
38	2.18022	36.106
38	2.23152	37.581
38	2.28282	38.869
38	2.33412	39.586
38	2.38542	41.39
38	2.43672	43.389
38	2.48802	44.918
38	2.53931	45.712
38	2.59061	47.581
38	2.64191	49.069
38	2.69321	50.633
38	2.74451	52.762
38	2.79581	54.233
38	2.84711	56.086
38	2.89841	57.84
38	2.94971	59.597
38	3.00101	62.266
38	3.05231	64.752
38	3.10361	67.042
38	3.15491	69.033
38	3.2062	71.149
38	3.2575	73.675
38	3.3088	74.786
38	3.3601	77.058
38	3.4114	80.099
38	3.4627	81.925
38	3.514	84.166
38	3.5653	86.946
38	3.6166	89.256
38	3.6679	91.802
38	3.7192	94.393
38	3.7705	97.366
38	3.8218	99.379
38	3.8731	101.848
38	3.92439	104.515
38	3.97569	108.111
38	4.02699	110.573
38	4.07829	114.257
38	4.12959	116.27
38	4.18089	117.636
38	4.23219	121.683
38	4.28349	124.162
38	4.33479	126.447
38	4.38609	130.408
38	4.43739	133.846
38	4.48869	137.459
38	4.53999	139.059
38	4.59129	142.923
38	4.64258	146.181
38	4.69388	150.404
38	4.74518	152.208
38	4.79648	156.708
38	4.84778	159.377
38	4.89908	163.074
38	4.95038	166.561
38	5.00168	169.786
38	5.05298	173.272
38	5.10428	177.148
39	0.0256496	0
39	0.0769489	0
39	0.128248	0
39	0.179547	0
39	0.230847	0
39	0.282146	0
39	0.333445	0
39	0.384745	0
39	0.436044	0
39	0.487343	0
39	0.538642	0
39	0.589942	0
39	0.641241	0
39	0.69254	0
39	0.74384	0
39	0.795139	0
39	0.846438	0
39	0.897737	0.039
39	0.949037	1.354
39	1.00034	7.637
39	1.05164	15.67
39	1.10293	20.645
39	1.15423	22.661
39	1.20553	21.373
39	1.25683	20.894
39	1.30813	20.104
39	1.35943	20.215
39	1.41073	19.574
39	1.46203	19.534
39	1.51333	19.714
39	1.56463	20.448
39	1.61593	21.189
39	1.66723	21.589
39	1.71853	22.188
39	1.76983	23.592
39	1.82112	24.721
39	1.87242	26.216
39	1.92372	27.95
39	1.97502	29.368
39	2.02632	30.85
39	2.07762	32.738
39	2.12892	34.7
39	2.18022	36.038
39	2.23152	37.769
39	2.28282	39.183
39	2.33412	40.689
39	2.38542	42.171
39	2.43672	43.698
39	2.48802	45.248
39	2.53931	46.682
39	2.59061	48.138
39	2.64191	50.039
39	2.69321	51.181
39	2.74451	53.229
39	2.79581	54.913
39	2.84711	57.218
39	2.89841	58.855
39	2.94971	61.492
39	3.00101	62.39
39	3.05231	65.253
39	3.10361	67.354
39	3.15491	69.078
39	3.2062	71.53
39	3.2575	73.581
39	3.3088	76.117
39	3.3601	78.365
39	3.4114	81.233
39	3.4627	82.715
39	3.514	85.963
39	3.5653	87.657
39	3.6166	90.223
39	3.6679	92.556
39	3.7192	95.489
39	3.7705	98.091
39	3.8218	101.136
39	3.8731	103.742
39	3.92439	106.007
39	3.97569	107.485
39	4.02699	111.377
39	4.07829	115.11
39	4.12959	117.461
39	4.18089	119.176
39	4.23219	123.2
39	4.28349	126.324
39	4.33479	127.656
39	4.38609	131.734
39	4.43739	134.361
39	4.48869	138.013
39	4.53999	142.009
39	4.59129	144.899
39	4.64258	147.43
39	4.69388	150.002
39	4.74518	153.657
39	4.79648	157.005
39	4.84778	160.929
39	4.89908	163.476
39	4.95038	167.949
39	5.00168	171.304
39	5.05298	173.633
39	5.10428	178.396
40	0.0256496	0
40	0.0769489	0
40	0.128248	0
40	0.179547	0
40	0.230847	0
40	0.282146	0
40	0.333445	0
40	0.384745	0
40	0.436044	0
40	0.487343	0
40	0.538642	0
40	0.589942	0
40	0.641241	0
40	0.69254	0
40	0.74384	0
40	0.795139	0
40	0.846438	0
40	0.897737	0.042
40	0.949037	1.308
40	1.00034	7.301
40	1.05164	15.481
40	1.10293	20.433
40	1.15423	22.707
40	1.20553	22.437
40	1.25683	21.248
40	1.30813	20.782
40	1.35943	20.031
40	1.41073	19.752
40	1.46203	19.986
40	1.51333	19.928
40	1.56463	20.086
40	1.61593	20.801
40	1.66723	22.045
40	1.71853	22.619
40	1.76983	23.804
40	1.82112	25.288
40	1.87242	26.472
40	1.92372	28.443
40	1.97502	29.447
40	2.02632	31.161
40	2.07762	32.854
40	2.12892	34.905
40	2.18022	36.037
40	2.23152	37.895
40	2.28282	39.302
40	2.33412	40.511
40	2.38542	42.23
40	2.43672	43.43
40	2.48802	45.204
40	2.53931	46.271
40	2.59061	47.918
40	2.64191	49.323
40	2.69321	51.111
40	2.74451	53.284
40	2.79581	55.709
40	2.84711	56.939
40	2.89841	59.146
40	2.94971	60.425
40	3.00101	62.469
40	3.05231	65.375
40	3.10361	66.694
40	3.15491	70.05
40	3.2062	70.872
40	3.2575	73.277
40	3.3088	76.128
40	3.3601	78.304
40	3.4114	80.112
40	3.4627	82.148
40	3.514	85.231
40	3.5653	87.43
40	3.6166	89.885
40	3.6679	91.553
40	3.7192	94.559
40	3.7705	97.313
40	3.8218	99.058
40	3.8731	102.069
40	3.92439	104.503
40	3.97569	108.108
40	4.02699	111.156
40	4.07829	112.42
40	4.12959	115.909
40	4.18089	119.162
40	4.23219	122.394
40	4.28349	123.907
40	4.33479	128.219
40	4.38609	130.784
40	4.43739	133.097
40	4.48869	137.48
40	4.53999	139.777
40	4.59129	143.843
40	4.64258	146.417
40	4.69388	149.01
40	4.74518	152.495
40	4.79648	155.613
40	4.84778	158.886
40	4.89908	163.058
40	4.95038	166.491
40	5.00168	168.677
40	5.05298	171.593
40	5.10428	175.823
41	0.0256496	0
41	0.0769489	0
41	0.128248	0
41	0.179547	0
41	0.230847	0
41	0.282146	0
41	0.333445	0
41	0.384745	0
41	0.436044	0
41	0.487343	0
41	0.538642	0
41	0.589942	0
41	0.641241	0
41	0.69254	0
41	0.74384	0
41	0.795139	0
41	0.846438	0
41	0.897737	0.038
41	0.949037	1.283
41	1.00034	7.228
41	1.05164	15.127
41	1.10293	20.49
41	1.15423	22.379
41	1.20553	21.916
41	1.25683	21.177
41	1.30813	19.992
41	1.35943	19.985
41	1.41073	19.39
41	1.46203	19.752
41	1.51333	19.944
41	1.56463	20.217
41	1.61593	21.023
41	1.66723	21.33
41	1.71853	22.448
41	1.76983	23.28
41	1.82112	24.841
41	1.87242	26.092
41	1.92372	27.286
41	1.97502	28.958
41	2.02632	31.199
41	2.07762	32.502
41	2.12892	34.421
41	2.18022	35.631
41	2.23152	37.538
41	2.28282	39.099
41	2.33412	40.532
41	2.38542	41.669
41	2.43672	43.442
41	2.48802	44.91
41	2.53931	46.154
41	2.59061	46.765
41	2.64191	49.191
41	2.69321	51.282
41	2.74451	52.983
41	2.79581	54.547
41	2.84711	56.185
41	2.89841	59.131
41	2.94971	60.884
41	3.00101	62.463
41	3.05231	64.893
41	3.10361	66.16
41	3.15491	68.248
41	3.2062	70.855
41	3.2575	73.922
41	3.3088	75.121
41	3.3601	77.846
41	3.4114	80.141
41	3.4627	82.862
41	3.514	84.774
41	3.5653	87.333
41	3.6166	90.01
41	3.6679	92.162
41	3.7192	95.29
41	3.7705	97.252
41	3.8218	99.081
41	3.8731	103.135
41	3.92439	105.035
41	3.97569	107.92
41	4.02699	110.853
41	4.07829	113.577
41	4.12959	116.286
41	4.18089	119.722
41	4.23219	122.498
41	4.28349	125.282
41	4.33479	129.354
41	4.38609	131.915
41	4.43739	133.993
41	4.48869	138.281
41	4.53999	140.168
41	4.59129	143.88
41	4.64258	147.245
41	4.69388	150.746
41	4.74518	154.003
41	4.79648	157.827
41	4.84778	159.869
41	4.89908	163.829
41	4.95038	167.385
41	5.00168	171.633
41	5.05298	174.783
41	5.10428	178.279
42	0.0256496	0
42	0.0769489	0
42	0.128248	0
42	0.179547	0
42	0.230847	0
42	0.282146	0
42	0.333445	0
42	0.384745	0
42	0.436044	0
42	0.487343	0
42	0.538642	0
42	0.589942	0
42	0.641241	0
42	0.69254	0
42	0.74384	0
42	0.795139	0
42	0.846438	0
42	0.897737	0.021
42	0.949037	1.312
42	1.00034	7.301
42	1.05164	16.152
42	1.10293	21.095
42	1.15423	22.656
42	1.20553	22.709
42	1.25683	21.243
42	1.30813	20.689
42	1.35943	20.472
42	1.41073	20.463
42	1.46203	20.189
42	1.51333	19.97
42	1.56463	20.427
42	1.61593	21.195
42	1.66723	22.073
42	1.71853	23.139
42	1.76983	23.675
42	1.82112	25.019
42	1.87242	26.49
42	1.92372	27.618
42	1.97502	29.255
42	2.02632	31.07
42	2.07762	33.758
42	2.12892	34.79
42	2.18022	36.514
42	2.23152	37.704
42	2.28282	40.142
42	2.33412	40.469
42	2.38542	41.976
42	2.43672	44.045
42	2.48802	45.504
42	2.53931	46.585
42	2.59061	47.839
42	2.64191	49.047
42	2.69321	51.534
42	2.74451	53.217
42	2.79581	54.29
42	2.84711	57.148
42	2.89841	58.726
42	2.94971	61.53
42	3.00101	62.413
42	3.05231	64.047
42	3.10361	66.759
42	3.15491	69.675
42	3.2062	71.515
42	3.2575	73.526
42	3.3088	76.229
42	3.3601	77.683
42	3.4114	80.56
42	3.4627	82.69
42	3.514	84.764
42	3.5653	86.899
42	3.6166	89.898
42	3.6679	92.281
42	3.7192	95.179
42	3.7705	97.874
42	3.8218	100.209
42	3.8731	101.709
42	3.92439	105.48
42	3.97569	108.493
42	4.02699	110.573
42	4.07829	112.967
42	4.12959	116.159
42	4.18089	119.744
42	4.23219	122.361
42	4.28349	124.688
42	4.33479	128.519
42	4.38609	130.201
42	4.43739	133.877
42	4.48869	136.955
42	4.53999	140.474
42	4.59129	142.579
42	4.64258	146.497
42	4.69388	150.317
42	4.74518	152.938
42	4.79648	157.315
42	4.84778	160.27
42	4.89908	163.866
42	4.95038	166.1
42	5.00168	169.547
42	5.05298	173.365
42	5.10428	177.277
43	0.0256496	0
43	0.0769489	0
43	0.128248	0
43	0.179547	0
43	0.230847	0
43	0.282146	0
43	0.333445	0
43	0.384745	0
43	0.436044	0
43	0.487343	0
43	0.538642	0
43	0.589942	0
43	0.641241	0
43	0.69254	0
43	0.74384	0
43	0.795139	0
43	0.846438	0
43	0.897737	0.042
43	0.949037	1.303
43	1.00034	7.536
43	1.05164	16.31
43	1.10293	21.314
43	1.15423	23.006
43	1.20553	22.187
43	1.25683	21.423
43	1.30813	20.929
43	1.35943	20.312
43	1.41073	20.067
43	1.46203	19.999
43	1.51333	20.023
43	1.56463	20.736
43	1.61593	21.359
43	1.66723	22.197
43	1.71853	22.723
43	1.76983	23.97
43	1.82112	25.151
43	1.87242	26.679
43	1.92372	28.039
43	1.97502	30.088
43	2.02632	31.807
43	2.07762	33.053
43	2.12892	35.421
43	2.18022	36.773
43	2.23152	38.298
43	2.28282	39.754
43	2.33412	41.454
43	2.38542	43.24
43	2.43672	44.049
43	2.48802	45.666
43	2.53931	46.63
43	2.59061	48.36
43	2.64191	50.19
43	2.69321	52.072
43	2.74451	53.773
43	2.79581	55.774
43	2.84711	56.946
43	2.89841	59.591
43	2.94971	60.967
43	3.00101	62.881
43	3.05231	66.142
43	3.10361	67.697
43	3.15491	69.99
43	3.2062	71.649
43	3.2575	73.983
43	3.3088	76.434
43	3.3601	78.031
43	3.4114	80.612
43	3.4627	82.593
43	3.514	85.999
43	3.5653	86.948
43	3.6166	90.172
43	3.6679	92.181
43	3.7192	94.824
43	3.7705	98.053
43	3.8218	99.69
43	3.8731	102.614
43	3.92439	105.893
43	3.97569	108.307
43	4.02699	111.182
43	4.07829	113.745
43	4.12959	116.991
43	4.18089	121.229
43	4.23219	122.135
43	4.28349	125.134
43	4.33479	128.615
43	4.38609	131.902
43	4.43739	134.462
43	4.48869	136.614
43	4.53999	139.892
43	4.59129	144.008
43	4.64258	146.795
43	4.69388	150.669
43	4.74518	153.265
43	4.79648	156.576
43	4.84778	159.251
43	4.89908	163.386
43	4.95038	166.878
43	5.00168	169.717
43	5.05298	174.087
43	5.10428	177.891
44	0.0256496	0
44	0.0769489	0
44	0.128248	0
44	0.179547	0
44	0.230847	0
44	0.282146	0
44	0.333445	0
44	0.384745	0
44	0.436044	0
44	0.487343	0
44	0.538642	0
44	0.589942	0
44	0.641241	0
44	0.69254	0
44	0.74384	0
44	0.795139	0
44	0.846438	0
44	0.897737	0.043
44	0.949037	1.35
44	1.00034	7.311
44	1.05164	15.929
44	1.10293	20.881
44	1.15423	22.659
44	1.20553	22.266
44	1.25683	21.466
44	1.30813	20.856
44	1.35943	20.262
44	1.41073	19.565
44	1.46203	19.623
44	1.51333	20.119
44	1.56463	20.909
44	1.61593	20.694
44	1.66723	21.711
44	1.71853	22.493
44	1.76983	23.583
44	1.82112	24.85
44	1.87242	26.262
44	1.92372	27.559
44	1.97502	29.546
44	2.02632	30.957
44	2.07762	32.331
44	2.12892	34.794
44	2.18022	36.327
44	2.23152	37.627
44	2.28282	39.422
44	2.33412	41.248
44	2.38542	42.259
44	2.43672	43.579
44	2.48802	44.505
44	2.53931	46.208
44	2.59061	47.87
44	2.64191	49.507
44	2.69321	50.923
44	2.74451	52.497
44	2.79581	54.885
44	2.84711	56.418
44	2.89841	59.327
44	2.94971	60.213
44	3.00101	62.745
44	3.05231	65.461
44	3.10361	67.457
44	3.15491	69.248
44	3.2062	70.814
44	3.2575	73.112
44	3.3088	75.317
44	3.3601	77.36
44	3.4114	80.243
44	3.4627	82.318
44	3.514	85.267
44	3.5653	86.693
44	3.6166	89.018
44	3.6679	91.738
44	3.7192	94.502
44	3.7705	95.784
44	3.8218	99.531
44	3.8731	102.543
44	3.92439	105.114
44	3.97569	106.7
44	4.02699	110.408
44	4.07829	113.345
44	4.12959	115.522
44	4.18089	119.557
44	4.23219	121.061
44	4.28349	123.862
44	4.33479	128.129
44	4.38609	130.463
44	4.43739	134.918
44	4.48869	137.126
44	4.53999	139.18
44	4.59129	144.314
44	4.64258	146.3
44	4.69388	149.637
44	4.74518	152.212
44	4.79648	155.308
44	4.84778	159.806
44	4.89908	162.712
44	4.95038	167.284
44	5.00168	169.843
44	5.05298	174.122
44	5.10428	176.837
45	0.0256496	0
45	0.0769489	0
45	0.128248	0
45	0.179547	0
45	0.230847	0
45	0.282146	0
45	0.333445	0
45	0.384745	0
45	0.436044	0
45	0.487343	0
45	0.538642	0
45	0.589942	0
45	0.641241	0
45	0.69254	0
45	0.74384	0
45	0.795139	0
45	0.846438	0
45	0.897737	0.047
45	0.949037	1.299
45	1.00034	7.67
45	1.05164	15.373
45	1.10293	20.639
45	1.15423	22.282
45	1.20553	21.516
45	1.25683	20.463
45	1.30813	20.268
45	1.35943	20.038
45	1.41073	19.917
45	1.46203	19.898
45	1.51333	19.541
45	1.56463	20.586
45	1.61593	20.991
45	1.66723	21.542
45	1.71853	23.068
45	1.76983	23.59
45	1.82112	24.648
45	1.87242	25.797
45	1.92372	27.796
45	1.97502	29.055
45	2.02632	30.452
45	2.07762	33.317
45	2.12892	33.716
45	2.18022	36.288
45	2.23152	37.691
45	2.28282	38.878
45	2.33412	40.543
45	2.38542	41.161
45	2.43672	44.237
45	2.48802	44.78
45	2.53931	46.197
45	2.59061	47.157
45	2.64191	48.519
45	2.69321	51.356
45	2.74451	53.048
45	2.79581	54.186
45	2.84711	56.002
45	2.89841	58.613
45	2.94971	60.666
45	3.00101	62.553
45	3.05231	63.533
45	3.10361	66.763
45	3.15491	68.454
45	3.2062	71.249
45	3.2575	73.95
45	3.3088	75.613
45	3.3601	78.465
45	3.4114	80.271
45	3.4627	81.821
45	3.514	84.104
45	3.5653	87.198
45	3.6166	89.388
45	3.6679	92.129
45	3.7192	93.842
45	3.7705	96.873
45	3.8218	99.827
45	3.8731	102.757
45	3.92439	106.044
45	3.97569	107.801
45	4.02699	110.925
45	4.07829	112.933
45	4.12959	116.87
45	4.18089	119.361
45	4.23219	122.964
45	4.28349	125.757
45	4.33479	127.616
45	4.38609	131.309
45	4.43739	135.399
45	4.48869	136.526
45	4.53999	140.499
45	4.59129	144.171
45	4.64258	147.197
45	4.69388	149.784
45	4.74518	153.931
45	4.79648	157.79
45	4.84778	160.923
45	4.89908	164.556
45	4.95038	166.952
45	5.00168	170.839
45	5.05298	174.052
45	5.10428	178.911
46	0.0256496	0
46	0.0769489	0
46	0.128248	0
46	0.179547	0
46	0.230847	0
46	0.282146	0
46	0.333445	0
46	0.384745	0
46	0.436044	0
46	0.487343	0
46	0.538642	0
46	0.589942	0
46	0.641241	0
46	0.69254	0
46	0.74384	0
46	0.795139	0
46	0.846438	0
46	0.897737	0.032
46	0.949037	1.27
46	1.00034	7.492
46	1.05164	15.921
46	1.10293	20.513
46	1.15423	21.991
46	1.20553	21.97
46	1.25683	21.713
46	1.30813	20.289
46	1.35943	20.009
46	1.41073	19.485
46	1.46203	19.518
46	1.51333	19.927
46	1.56463	20.342
46	1.61593	21.564
46	1.66723	21.643
46	1.71853	22.292
46	1.76983	23.693
46	1.82112	24.909
46	1.87242	25.971
46	1.92372	27.462
46	1.97502	29.222
46	2.02632	31.219
46	2.07762	33.258
46	2.12892	34.433
46	2.18022	35.595
46	2.23152	37.847
46	2.28282	39.391
46	2.33412	40.969
46	2.38542	42.238
46	2.43672	43.752
46	2.48802	45.656
46	2.53931	46.373
46	2.59061	47.933
46	2.64191	49.441
46	2.69321	51.854
46	2.74451	52.513
46	2.79581	54.949
46	2.84711	56.614
46	2.89841	58.72
46	2.94971	60.739
46	3.00101	62.779
46	3.05231	64.87
46	3.10361	67.034
46	3.15491	70.026
46	3.2062	71.463
46	3.2575	74.396
46	3.3088	75.558
46	3.3601	78.416
46	3.4114	79.766
46	3.4627	82.432
46	3.514	84.17
46	3.5653	87.397
46	3.6166	90.322
46	3.6679	92.245
46	3.7192	95.177
46	3.7705	98.056
46	3.8218	99.955
46	3.8731	103.263
46	3.92439	106.286
46	3.97569	108.721
46	4.02699	111.853
46	4.07829	113.603
46	4.12959	117.2
46	4.18089	119.063
46	4.23219	121.23
46	4.28349	124.742
46	4.33479	128.66
46	4.38609	131.438
46	4.43739	134.381
46	4.48869	136.352
46	4.53999	140.945
46	4.59129	143.942
46	4.64258	146.951
46	4.69388	149.676
46	4.74518	153.258
46	4.79648	156.623
46	4.84778	159.439
46	4.89908	164.127
46	4.95038	165.943
46	5.00168	171.309
46	5.05298	174.107
46	5.10428	178.523
47	0.0256496	0
47	0.0769489	0
47	0.128248	0
47	0.179547	0
47	0.230847	0
47	0.282146	0
47	0.333445	0
47	0.384745	0
47	0.436044	0
47	0.487343	0
47	0.538642	0
47	0.589942	0
47	0.641241	0
47	0.69254	0
47	0.74384	0
47	0.795139	0
47	0.846438	0
47	0.897737	0.04
47	0.949037	1.264
47	1.00034	7.449
47	1.05164	15.615
47	1.10293	20.906
47	1.15423	21.748
47	1.20553	21.937
47	1.25683	20.592
47	1.30813	20.666
47	1.35943	19.801
47	1.41073	19.399
47	1.46203	19.872
47	1.51333	19.796
47	1.56463	20.308
47	1.61593	20.846
47	1.66723	21.581
47	1.71853	22.776
47	1.76983	23.757
47	1.82112	25.131
47	1.87242	26.019
47	1.92372	27.632
47	1.97502	29.243
47	2.02632	31.163
47	2.07762	32.241
47	2.12892	34.042
47	2.18022	36.018
47	2.23152	37.305
47	2.28282	39.098
47	2.33412	40.277
47	2.38542	42.242
47	2.43672	43.227
47	2.48802	44.639
47	2.53931	45.676
47	2.59061	47.793
47	2.64191	48.934
47	2.69321	51.085
47	2.74451	52.888
47	2.79581	54.79
47	2.84711	56.186
47	2.89841	58.629
47	2.94971	60.751
47	3.00101	62.334
47	3.05231	64.362
47	3.10361	67.792
47	3.15491	68.843
47	3.2062	71.446
47	3.2575	73.404
47	3.3088	75.995
47	3.3601	78.392
47	3.4114	80.458
47	3.4627	82.069
47	3.514	84.259
47	3.5653	87.168
47	3.6166	90.608
47	3.6679	92.004
47	3.7192	94.387
47	3.7705	97.69
47	3.8218	100.445
47	3.8731	103.047
47	3.92439	105.797
47	3.97569	107.704
47	4.02699	109.578
47	4.07829	114.376
47	4.12959	116.181
47	4.18089	118.302
47	4.23219	122.252
47	4.28349	124.336
47	4.33479	127.288
47	4.38609	131.817
47	4.43739	134.487
47	4.48869	138.146
47	4.53999	140.165
47	4.59129	144.122
47	4.64258	147.338
47	4.69388	150.172
47	4.74518	153.45
47	4.79648	156.423
47	4.84778	159.885
47	4.89908	163.312
47	4.95038	167.324
47	5.00168	170.187
47	5.05298	174.229
47	5.10428	176.316
48	0.0256496	0
48	0.0769489	0
48	0.128248	0
48	0.179547	0
48	0.230847	0
48	0.282146	0
48	0.333445	0
48	0.384745	0
48	0.436044	0
48	0.487343	0
48	0.538642	0
48	0.589942	0
48	0.641241	0
48	0.69254	0
48	0.74384	0
48	0.795139	0
48	0.846438	0
48	0.897737	0.025
48	0.949037	1.219
48	1.00034	7.44
48	1.05164	16.152
48	1.10293	20.738
48	1.15423	22.457
48	1.20553	22.221
48	1.25683	21.391
48	1.30813	20.348
48	1.35943	20.157
48	1.41073	20.343
48	1.46203	19.761
48	1.51333	20.49
48	1.56463	20.755
48	1.61593	21.245
48	1.66723	22.061
48	1.71853	23.015
48	1.76983	24.251
48	1.82112	25.161
48	1.87242	26.62
48	1.92372	27.67
48	1.97502	29.286
48	2.02632	31.227
48	2.07762	33.503
48	2.12892	35.002
48	2.18022	36.508
48	2.23152	37.871
48	2.28282	39.863
48	2.33412	41.236
48	2.38542	42.128
48	2.43672	44.324
48	2.48802	45.863
48	2.53931	46.389
48	2.59061	48.288
48	2.64191	49.512
48	2.69321	51.805
48	2.74451	53.34
48	2.79581	55.515
48	2.84711	57.423
48	2.89841	59.309
48	2.94971	61.167
48	3.00101	64.09
48	3.05231	65.831
48	3.10361	67.766
48	3.15491	70.328
48	3.2062	72.493
48	3.2575	73.913
48	3.3088	76.356
48	3.3601	78.926
48	3.4114	80.896
48	3.4627	83.197
48	3.514	85.286
48	3.5653	87.464
48	3.6166	89.947
48	3.6679	92.644
48	3.7192	96.452
48	3.7705	98.434
48	3.8218	100.254
48	3.8731	102.54
48	3.92439	106.259
48	3.97569	109.007
48	4.02699	111.985
48	4.07829	114.762
48	4.12959	117.225
48	4.18089	119.716
48	4.23219	121.514
48	4.28349	125.488
48	4.33479	127.268
48	4.38609	131.89
48	4.43739	135.662
48	4.48869	136.704
48	4.53999	139.903
48	4.59129	144.016
48	4.64258	148.002
48	4.69388	150.19
48	4.74518	153.207
48	4.79648	156.592
48	4.84778	160.177
48	4.89908	163.223
48	4.95038	167.872
48	5.00168	172.23
48	5.05298	174.064
48	5.10428	177.365
49	0.0256496	0
49	0.0769489	0
49	0.128248	0
49	0.179547	0
49	0.230847	0
49	0.282146	0
49	0.333445	0
49	0.384745	0
49	0.436044	0
49	0.487343	0
49	0.538642	0
49	0.589942	0
49	0.641241	0
49	0.69254	0
49	0.74384	0
49	0.795139	0
49	0.846438	0
49	0.897737	0.049
49	0.949037	1.381
49	1.00034	7.904
49	1.05164	16.209
49	1.10293	21.231
49	1.15423	22.754
49	1.20553	22.353
49	1.25683	22.009
49	1.30813	21.3
49	1.35943	20.639
49	1.41073	20.317
49	1.46203	20.265
49	1.51333	20.404
49	1.56463	20.731
49	1.61593	21.931
49	1.66723	22.3
49	1.71853	23.322
49	1.76983	24.166
49	1.82112	25.768
49	1.87242	27.134
49	1.92372	28.162
49	1.97502	30.854
49	2.02632	31.935
49	2.07762	33.417
49	2.12892	35.561
49	2.18022	37.64
49	2.23152	39.171
49	2.28282	40.71
49	2.33412	42.3
49	2.38542	43.539
49	2.43672	44.192
49	2.48802	46.232
49	2.53931	47.569
49	2.59061	48.912
49	2.64191	50.563
49	2.69321	52.616
49	2.74451	54.385
49	2.79581	56.247
49	2.84711	57.731
49	2.89841	60.378
49	2.94971	61.595
49	3.00101	63.996
49	3.05231	66.314
49	3.10361	68.331
49	3.15491	69.394
49	3.2062	72.643
49	3.2575	74.009
49	3.3088	76.821
49	3.3601	79.279
49	3.4114	82.068
49	3.4627	83.664
49	3.514	85.414
49	3.5653	88.179
49	3.6166	90.2
49	3.6679	93.563
49	3.7192	96.322
49	3.7705	98.85
49	3.8218	100.87
49	3.8731	102.995
49	3.92439	104.366
49	3.97569	108.359
49	4.02699	111.138
49	4.07829	113.753
49	4.12959	116.732
49	4.18089	119.12
49	4.23219	122.232
49	4.28349	125.841
49	4.33479	128.141
49	4.38609	131.431
49	4.43739	134.579
49	4.48869	137.583
49	4.53999	140.738
49	4.59129	144.68
49	4.64258	147.381
49	4.69388	149.885
49	4.74518	153.824
49	4.79648	156.361
49	4.84778	159.423
49	4.89908	161.767
49	4.95038	165.503
49	5.00168	170.282
49	5.05298	173.157
49	5.10428	177.403
50	0.0256496	0
50	0.0769489	0
50	0.128248	0
50	0.179547	0
50	0.230847	0
50	0.282146	0
50	0.333445	0
50	0.384745	0
50	0.436044	0
50	0.487343	0
50	0.538642	0
50	0.589942	0
50	0.641241	0
50	0.69254	0
50	0.74384	0
50	0.795139	0
50	0.846438	0
50	0.897737	0.039
50	0.949037	1.343
50	1.00034	8.126
50	1.05164	16.174
50	1.10293	21.482
50	1.15423	23.77
50	1.20553	22.965
50	1.25683	22.076
50	1.30813	20.854
50	1.35943	20.946
50	1.41073	20.372
50	1.46203	20.319
50	1.51333	20.598
50	1.56463	21.114
50	1.61593	21.494
50	1.66723	22.455
50	1.71853	23.479
50	1.76983	24.346
50	1.82112	25.808
50	1.87242	27.1
50	1.92372	28.53
50	1.97502	31.051
50	2.02632	31.973
50	2.07762	33.864
50	2.12892	35.534
50	2.18022	36.996
50	2.23152	38.785
50	2.28282	40.262
50	2.33412	42.375
50	2.38542	43.583
50	2.43672	45.317
50	2.48802	46.951
50	2.53931	47.728
50	2.59061	49.975
50	2.64191	51.39
50	2.69321	53.249
50	2.74451	54.885
50	2.79581	57.244
50	2.84711	59.049
50	2.89841	60.914
50	2.94971	62.146
50	3.00101	64.695
50	3.05231	66.152
50	3.10361	69.027
50	3.15491	70.801
50	3.2062	73.422
50	3.2575	75.267
50	3.3088	76.56
50	3.3601	79.571
50	3.4114	82.151
50	3.4627	84.537
50	3.514	86.32
50	3.5653	89.169
50	3.6166	91.181
50	3.6679	93.827
50	3.7192	96.627
50	3.7705	99.233
50	3.8218	101.024
50	3.8731	103.379
50	3.92439	107.161
50	3.97569	109.938
50	4.02699	112.054
50	4.07829	114.612
50	4.12959	117.213
50	4.18089	120.619
50	4.23219	122.647
50	4.28349	126.091
50	4.33479	129.182
50	4.38609	131.796
50	4.43739	134.343
50	4.48869	138.442
50	4.53999	141.062
50	4.59129	144.485
50	4.64258	147.551
50	4.69388	150.696
50	4.74518	152.34
50	4.79648	156.764
50	4.84778	159.877
50	4.89908	163.514
50	4.95038	165.769
50	5.00168	169.637
50	5.05298	173.46
50	5.10428	176.594
