4.36044e-12	0	0
1.30813e-11	0	0
2.18022e-11	0	0
3.05231e-11	0	0
3.92439e-11	0	0
4.79648e-11	0	0
5.66857e-11	0	0
6.54066e-11	0	0
7.41275e-11	0	0
8.28483e-11	0	0
9.15692e-11	0	0
1.0029e-10	0	0
1.09011e-10	0	0
1.17732e-10	0	0
1.26453e-10	0	0
1.35174e-10	0	0
1.43894e-10	0	0
1.52615e-10	0	0
1.61336e-10	0	0
1.70057e-10	0	0
1.78778e-10	0	0
1.87499e-10	0	0
1.9622e-10	0	0
2.04941e-10	0	0
2.13661e-10	0	0
2.22382e-10	0	0
2.31103e-10	0	0
2.39824e-10	0	0
2.48545e-10	0	0
2.57266e-10	0	0
2.65987e-10	0	0
2.74708e-10	0	0
2.83429e-10	0	0
2.92149e-10	9.72615e-06	3.63919e-06
3.0087e-10	0.00124536	4.3274e-05
3.09591e-10	0.0238849	0.000250951
3.18312e-10	0.164762	0.000768037
3.27033e-10	0.565286	0.00194914
3.35754e-10	1.20038	0.00264614
3.44475e-10	1.86092	0.00272501
3.53196e-10	2.33766	0.00235169
3.61916e-10	2.55173	0.00234425
3.70637e-10	2.55414	0.00220234
3.79358e-10	2.40759	0.00227581
3.88079e-10	2.19805	0.00173117
3.968e-10	1.96961	0.00183259
4.05521e-10	1.75202	0.00234199
4.14242e-10	1.56056	0.00201802
4.22963e-10	1.38872	0.00191641
4.31683e-10	1.24561	0.00142266
4.40404e-10	1.12495	0.00163442
4.49125e-10	1.02419	0.00136593
4.57846e-10	0.940955	0.00133252
4.66567e-10	0.873118	0.00137452
4.75288e-10	0.818848	0.000982588
4.84009e-10	0.774605	0.00109846
4.9273e-10	0.73797	0.00100547
5.0145e-10	0.710476	0.000955842
5.10171e-10	0.691051	0.000951101
5.18892e-10	0.678266	0.00108939
5.27613e-10	0.67003	0.000960148
5.36334e-10	0.669539	0.00105531
5.45055e-10	0.676684	0.00111223
5.53776e-10	0.686107	0.0011373
5.62497e-10	0.702685	0.00116808
5.71217e-10	0.723396	0.000943587
5.79938e-10	0.749652	0.00104102
5.88659e-10	0.781389	0.00106005
5.9738e-10	0.815958	0.000834162
6.06101e-10	0.854782	0.00095635
6.14822e-10	0.894803	0.00110886
6.23543e-10	0.936031	0.00111402
6.32264e-10	0.977962	0.00109804
6.40984e-10	1.01789	0.00111192
6.49705e-10	1.05793	0.00112191
6.58426e-10	1.09639	0.000950323
6.67147e-10	1.12984	0.000990672
6.75868e-10	1.16135	0.000857587
6.84589e-10	1.18548	0.00104321
6.9331e-10	1.20322	0.00103812
7.02031e-10	1.21247	0.00102917
7.10752e-10	1.21508	0.00111805
7.19472e-10	1.20886	0.000977462
7.28193e-10	1.19516	0.00105304
7.36914e-10	1.17273	0.000997177
7.45635e-10	1.15012	0.000946453
7.54356e-10	1.12251	0.000888182
7.63077e-10	1.09514	0.00103113
7.71798e-10	1.0655	0.000953849
7.80519e-10	1.03823	0.00097298
7.89239e-10	1.01308	0.000970406
7.9796e-10	0.987714	0.000941338
8.06681e-10	0.967141	0.000804543
8.15402e-10	0.948758	0.000807169
8.24123e-10	0.930914	0.0009797
8.32844e-10	0.91888	0.00086675
8.41565e-10	0.90831	0.000797906
8.50286e-10	0.895549	0.000762794
8.59006e-10	0.886076	0.00082967
8.67727e-10	0.885724	0.00085631
