1	-1.71164e-20	-nan
2	-1.70987e-20	1.25053e-23
3	-1.70916e-20	1.01779e-23
4	-1.70954e-20	8.32906e-24
5	-1.7095e-20	6.67668e-24
6	-1.70976e-20	6.05177e-24
7	-1.70999e-20	5.61634e-24
8	-1.7095e-20	6.72257e-24
9	-1.70965e-20	6.14185e-24
10	-1.70957e-20	5.57433e-24
11	-1.70985e-20	5.69241e-24
12	-1.70999e-20	5.39202e-24
13	-1.70968e-20	5.77929e-24
14	-1.70951e-20	5.60545e-24
15	-1.70951e-20	5.23177e-24
16	-1.70967e-20	5.13457e-24
17	-1.70959e-20	4.89917e-24
18	-1.70934e-20	5.19957e-24
19	-1.70925e-20	5.01284e-24
20	-1.7092e-20	4.78679e-24
21	-1.70926e-20	4.60133e-24
22	-1.70936e-20	4.49187e-24
23	-1.70931e-20	4.32203e-24
24	-1.70926e-20	4.16554e-24
25	-1.70925e-20	4.00274e-24
26	-1.70918e-20	3.89993e-24
27	-1.70904e-20	4.01143e-24
28	-1.70909e-20	3.90227e-24
29	-1.70919e-20	3.88374e-24
30	-1.70929e-20	3.88927e-24
31	-1.70931e-20	3.76993e-24
32	-1.7093e-20	3.65545e-24
33	-1.70932e-20	3.55428e-24
34	-1.70929e-20	3.46965e-24
35	-1.7093e-20	3.37326e-24
36	-1.70927e-20	3.29399e-24
37	-1.70927e-20	3.20499e-24
38	-1.70921e-20	3.17304e-24
39	-1.70919e-20	3.09596e-24
40	-1.70912e-20	3.10142e-24
41	-1.70907e-20	3.06357e-24
42	-1.70904e-20	3.01044e-24
43	-1.709e-20	2.9692e-24
44	-1.70898e-20	2.90632e-24
45	-1.70893e-20	2.88612e-24
46	-1.70894e-20	2.82499e-24
47	-1.70889e-20	2.80483e-24
48	-1.70891e-20	2.75187e-24
49	-1.70896e-20	2.73481e-24
50	-1.70896e-20	2.68092e-24
