4.66823e-12	0	0
1.40047e-11	0	0
2.33412e-11	0	0
3.26776e-11	0	0
4.20141e-11	0	0
5.13506e-11	0	0
6.0687e-11	0	0
7.00235e-11	0	0
7.936e-11	0	0
8.86965e-11	0	0
9.80329e-11	0	0
1.07369e-10	0	0
1.16706e-10	0	0
1.26042e-10	0	0
1.35379e-10	0	0
1.44715e-10	0	0
1.54052e-10	0	0
1.63388e-10	0	0
1.72725e-10	0	0
1.82061e-10	0	0
1.91398e-10	0	0
2.00734e-10	0	0
2.10071e-10	0	0
2.19407e-10	0	0
2.28743e-10	0	0
2.3808e-10	0	0
2.47416e-10	0	0
2.56753e-10	0	0
2.66089e-10	0	0
2.75426e-10	0	0
2.84762e-10	0	0
2.94099e-10	0	0
3.03435e-10	0	0
3.12772e-10	9.72615e-06	3.63919e-06
3.22108e-10	0.00124536	4.3274e-05
3.31445e-10	0.0238849	0.000250951
3.40781e-10	0.164762	0.000768037
3.50118e-10	0.565286	0.00194914
3.59454e-10	1.20038	0.00264614
3.68791e-10	1.86092	0.00272501
3.78127e-10	2.33766	0.00235169
3.87463e-10	2.55173	0.00234425
3.968e-10	2.55414	0.00220234
4.06136e-10	2.40759	0.00227581
4.15473e-10	2.19805	0.00173117
4.24809e-10	1.96961	0.00183259
4.34146e-10	1.75202	0.00234199
4.43482e-10	1.56056	0.00201802
4.52819e-10	1.38872	0.00191641
4.62155e-10	1.24561	0.00142266
4.71492e-10	1.12495	0.00163442
4.80828e-10	1.02419	0.00136593
4.90165e-10	0.940955	0.00133252
4.99501e-10	0.873118	0.00137452
5.08838e-10	0.818848	0.000982588
5.18174e-10	0.774605	0.00109846
5.2751e-10	0.73797	0.00100547
5.36847e-10	0.710476	0.000955842
5.46183e-10	0.691051	0.000951101
5.5552e-10	0.678266	0.00108939
5.64856e-10	0.67003	0.000960148
5.74193e-10	0.669539	0.00105531
5.83529e-10	0.676684	0.00111223
5.92866e-10	0.686107	0.0011373
6.02202e-10	0.702685	0.00116808
6.11539e-10	0.723396	0.000943587
6.20875e-10	0.749652	0.00104102
6.30212e-10	0.781389	0.00106005
6.39548e-10	0.815958	0.000834162
6.48885e-10	0.854782	0.00095635
6.58221e-10	0.894803	0.00110886
6.67558e-10	0.936031	0.00111402
6.76894e-10	0.977962	0.00109804
6.8623e-10	1.01789	0.00111192
6.95567e-10	1.05793	0.00112191
7.04903e-10	1.09639	0.000950323
7.1424e-10	1.12984	0.000990672
7.23576e-10	1.16135	0.000857587
7.32913e-10	1.18548	0.00104321
7.42249e-10	1.20322	0.00103812
7.51586e-10	1.21247	0.00102917
7.60922e-10	1.21508	0.00111805
7.70259e-10	1.20886	0.000977462
7.79595e-10	1.19516	0.00105304
7.88932e-10	1.17273	0.000997177
7.98268e-10	1.15012	0.000946453
8.07605e-10	1.12251	0.000888182
8.16941e-10	1.09514	0.00103113
8.26277e-10	1.0655	0.000953849
8.35614e-10	1.03823	0.00097298
8.4495e-10	1.01308	0.000970406
8.54287e-10	0.987714	0.000941338
8.63623e-10	0.967141	0.000804543
8.7296e-10	0.948758	0.000807169
8.82296e-10	0.930914	0.0009797
8.91633e-10	0.91888	0.00086675
9.00969e-10	0.90831	0.000797906
9.10306e-10	0.895549	0.000762794
9.19642e-10	0.886076	0.00082967
9.28979e-10	0.885724	0.00085631
