1	-1.2346e-20	-nan
2	-1.237e-20	1.69475e-23
3	-1.23897e-20	1.96609e-23
4	-1.23844e-20	1.54277e-23
5	-1.23862e-20	1.24404e-23
6	-1.23798e-20	1.18753e-23
7	-1.23764e-20	1.06551e-23
8	-1.23759e-20	9.33611e-24
9	-1.23743e-20	8.42831e-24
10	-1.23695e-20	8.84611e-24
11	-1.23735e-20	8.86849e-24
12	-1.23702e-20	8.70194e-24
13	-1.23719e-20	8.18853e-24
14	-1.2369e-20	8.09704e-24
15	-1.23686e-20	7.56713e-24
16	-1.23702e-20	7.25947e-24
17	-1.23685e-20	7.02326e-24
18	-1.23686e-20	6.63349e-24
19	-1.23707e-20	6.60588e-24
20	-1.23714e-20	6.32223e-24
21	-1.23733e-20	6.27467e-24
22	-1.23753e-20	6.30193e-24
23	-1.23756e-20	6.03662e-24
24	-1.23745e-20	5.89162e-24
25	-1.23735e-20	5.73772e-24
26	-1.23725e-20	5.59063e-24
27	-1.23716e-20	5.47108e-24
28	-1.23715e-20	5.27572e-24
29	-1.23743e-20	5.79318e-24
30	-1.23749e-20	5.6277e-24
31	-1.23738e-20	5.55452e-24
32	-1.23733e-20	5.40387e-24
33	-1.23733e-20	5.24012e-24
34	-1.23734e-20	5.08713e-24
35	-1.23727e-20	4.99775e-24
36	-1.23734e-20	4.9131e-24
37	-1.23729e-20	4.81021e-24
38	-1.23724e-20	4.70399e-24
39	-1.23724e-20	4.58346e-24
40	-1.23732e-20	4.54427e-24
41	-1.23735e-20	4.44068e-24
42	-1.23728e-20	4.38831e-24
43	-1.23729e-20	4.28825e-24
44	-1.23735e-20	4.22479e-24
45	-1.23731e-20	4.14571e-24
46	-1.23731e-20	4.05566e-24
47	-1.23716e-20	4.23816e-24
48	-1.23722e-20	4.18923e-24
49	-1.23725e-20	4.11225e-24
50	-1.2373e-20	4.06047e-24
