1	0.0128248	0
1	0.0384745	0
1	0.0641241	0
1	0.0897737	0
1	0.115423	0
1	0.141073	0
1	0.166723	0
1	0.192372	0
1	0.218022	0
1	0.243672	0
1	0.269321	0
1	0.294971	0
1	0.32062	0
1	0.34627	0
1	0.37192	0
1	0.397569	0
1	0.423219	0
1	0.448869	0
1	0.474518	0
1	0.500168	0
1	0.525818	0
1	0.551467	0
1	0.577117	0
1	0.602767	0
1	0.628416	0
1	0.654066	0
1	0.679715	0
1	0.705365	0
1	0.731015	0
1	0.756664	0
1	0.782314	0
1	0.807964	0
1	0.833613	0
1	0.859263	0
1	0.884913	0.017
1	0.910562	0.573
1	0.936212	4.108
1	0.961861	15.084
1	0.987511	32.586
1	1.01316	52.869
1	1.03881	69.305
1	1.06446	80.73
1	1.09011	84.427
1	1.11576	83.114
1	1.14141	79.375
1	1.16706	74.149
1	1.19271	68.631
1	1.21836	65.271
1	1.24401	59.52
1	1.26966	55.036
1	1.29531	52.083
1	1.32096	50.019
1	1.34661	47.705
1	1.37226	46.423
1	1.39791	44.786
1	1.42355	44.265
1	1.4492	43.855
1	1.47485	44.025
1	1.5005	43.407
1	1.52615	44.592
1	1.5518	44.555
1	1.57745	47.143
1	1.6031	48.588
1	1.62875	51.128
1	1.6544	53.936
1	1.68005	57.133
1	1.7057	60.729
1	1.73135	64.86
1	1.757	69.825
1	1.78265	75.102
1	1.8083	81.158
1	1.83395	87.517
1	1.8596	95.072
1	1.88525	100.824
1	1.9109	107.48
1	1.93655	113.954
1	1.9622	120.003
1	1.98785	127.129
1	2.0135	133.438
1	2.03915	139.16
1	2.0648	143.278
1	2.09045	146.513
1	2.1161	149.754
1	2.14174	150.898
1	2.16739	152.174
1	2.19304	155.621
1	2.21869	154.372
1	2.24434	153.402
1	2.26999	152.504
1	2.29564	153.34
1	2.32129	153.717
1	2.34694	150.896
1	2.37259	152.17
1	2.39824	152.74
1	2.42389	152.398
1	2.44954	154.254
1	2.47519	155.781
1	2.50084	156.545
1	2.52649	156.777
1	2.55214	161.458
2	0.0128248	0
2	0.0384745	0
2	0.0641241	0
2	0.0897737	0
2	0.115423	0
2	0.141073	0
2	0.166723	0
2	0.192372	0
2	0.218022	0
2	0.243672	0
2	0.269321	0
2	0.294971	0
2	0.32062	0
2	0.34627	0
2	0.37192	0
2	0.397569	0
2	0.423219	0
2	0.448869	0
2	0.474518	0
2	0.500168	0
2	0.525818	0
2	0.551467	0
2	0.577117	0
2	0.602767	0
2	0.628416	0
2	0.654066	0
2	0.679715	0
2	0.705365	0
2	0.731015	0
2	0.756664	0
2	0.782314	0
2	0.807964	0
2	0.833613	0
2	0.859263	0
2	0.884913	0.024
2	0.910562	0.488
2	0.936212	3.936
2	0.961861	14.353
2	0.987511	32.367
2	1.01316	52.669
2	1.03881	70.223
2	1.06446	80.539
2	1.09011	84.678
2	1.11576	84.278
2	1.14141	79.561
2	1.16706	74.683
2	1.19271	69.197
2	1.21836	64.894
2	1.24401	59.286
2	1.26966	55.965
2	1.29531	52.536
2	1.32096	50.337
2	1.34661	47.627
2	1.37226	46.491
2	1.39791	45.1
2	1.42355	43.491
2	1.4492	42.939
2	1.47485	42.896
2	1.5005	43.414
2	1.52615	44.247
2	1.5518	45.197
2	1.57745	46.788
2	1.6031	48.461
2	1.62875	50.414
2	1.6544	54.159
2	1.68005	56.401
2	1.7057	60.521
2	1.73135	65.33
2	1.757	69.995
2	1.78265	75.031
2	1.8083	80.823
2	1.83395	87.426
2	1.8596	93.348
2	1.88525	99.629
2	1.9109	106.948
2	1.93655	113.233
2	1.9622	120.632
2	1.98785	129.069
2	2.0135	133.135
2	2.03915	138.66
2	2.0648	143.784
2	2.09045	149.032
2	2.1161	150.706
2	2.14174	153.424
2	2.16739	153.528
2	2.19304	154.335
2	2.21869	154.568
2	2.24434	154.931
2	2.26999	152.508
2	2.29564	153.147
2	2.32129	152.864
2	2.34694	153.299
2	2.37259	151.845
2	2.39824	152.977
2	2.42389	154.021
2	2.44954	154.545
2	2.47519	155.404
2	2.50084	155.667
2	2.52649	157.902
2	2.55214	160.474
3	0.0128248	0
3	0.0384745	0
3	0.0641241	0
3	0.0897737	0
3	0.115423	0
3	0.141073	0
3	0.166723	0
3	0.192372	0
3	0.218022	0
3	0.243672	0
3	0.269321	0
3	0.294971	0
3	0.32062	0
3	0.34627	0
3	0.37192	0
3	0.397569	0
3	0.423219	0
3	0.448869	0
3	0.474518	0
3	0.500168	0
3	0.525818	0
3	0.551467	0
3	0.577117	0
3	0.602767	0
3	0.628416	0
3	0.654066	0
3	0.679715	0
3	0.705365	0
3	0.731015	0
3	0.756664	0
3	0.782314	0
3	0.807964	0
3	0.833613	0
3	0.859263	0.001
3	0.884913	0.031
3	0.910562	0.472
3	0.936212	3.82
3	0.961861	13.984
3	0.987511	32.233
3	1.01316	52.154
3	1.03881	69.734
3	1.06446	80.486
3	1.09011	84.81
3	1.11576	84.234
3	1.14141	80.101
3	1.16706	74.952
3	1.19271	69.929
3	1.21836	65.056
3	1.24401	60.411
3	1.26966	56.557
3	1.29531	53.553
3	1.32096	49.829
3	1.34661	48.289
3	1.37226	46.606
3	1.39791	44.646
3	1.42355	44.512
3	1.4492	43.313
3	1.47485	42.979
3	1.5005	43.014
3	1.52615	43.729
3	1.5518	44.366
3	1.57745	45.727
3	1.6031	47.598
3	1.62875	49.019
3	1.6544	52.095
3	1.68005	56.023
3	1.7057	60.005
3	1.73135	64.716
3	1.757	69.577
3	1.78265	74.434
3	1.8083	81.593
3	1.83395	87.15
3	1.8596	94.39
3	1.88525	101.56
3	1.9109	108.147
3	1.93655	114.097
3	1.9622	122.822
3	1.98785	127.705
3	2.0135	133.485
3	2.03915	140.525
3	2.0648	143.063
3	2.09045	147.712
3	2.1161	150.825
3	2.14174	153.739
3	2.16739	153.875
3	2.19304	154.303
3	2.21869	155.556
3	2.24434	155.423
3	2.26999	155.055
3	2.29564	153.812
3	2.32129	153.145
3	2.34694	153.338
3	2.37259	152.507
3	2.39824	153.254
3	2.42389	152.797
3	2.44954	154.308
3	2.47519	154.773
3	2.50084	155.933
3	2.52649	155.95
3	2.55214	158.79
4	0.0128248	0
4	0.0384745	0
4	0.0641241	0
4	0.0897737	0
4	0.115423	0
4	0.141073	0
4	0.166723	0
4	0.192372	0
4	0.218022	0
4	0.243672	0
4	0.269321	0
4	0.294971	0
4	0.32062	0
4	0.34627	0
4	0.37192	0
4	0.397569	0
4	0.423219	0
4	0.448869	0
4	0.474518	0
4	0.500168	0
4	0.525818	0
4	0.551467	0
4	0.577117	0
4	0.602767	0
4	0.628416	0
4	0.654066	0
4	0.679715	0
4	0.705365	0
4	0.731015	0
4	0.756664	0
4	0.782314	0
4	0.807964	0
4	0.833613	0
4	0.859263	0.001
4	0.884913	0.028
4	0.910562	0.499
4	0.936212	3.962
4	0.961861	14.434
4	0.987511	32.768
4	1.01316	53.358
4	1.03881	69.956
4	1.06446	80.761
4	1.09011	85.074
4	1.11576	82.868
4	1.14141	79.502
4	1.16706	74.205
4	1.19271	69.299
4	1.21836	64.674
4	1.24401	59.778
4	1.26966	55.968
4	1.29531	52.009
4	1.32096	49.804
4	1.34661	47.65
4	1.37226	44.956
4	1.39791	44.712
4	1.42355	43.678
4	1.4492	42.985
4	1.47485	42.973
4	1.5005	42.98
4	1.52615	44.411
4	1.5518	45.284
4	1.57745	47.127
4	1.6031	49.015
4	1.62875	51.914
4	1.6544	54.454
4	1.68005	57.789
4	1.7057	60.888
4	1.73135	65.627
4	1.757	69.772
4	1.78265	74.941
4	1.8083	80.804
4	1.83395	88.651
4	1.8596	93.772
4	1.88525	99.671
4	1.9109	106.746
4	1.93655	113.858
4	1.9622	120.447
4	1.98785	127.202
4	2.0135	133.476
4	2.03915	139.324
4	2.0648	144.015
4	2.09045	148.622
4	2.1161	150.228
4	2.14174	151.363
4	2.16739	152.378
4	2.19304	153.474
4	2.21869	153.935
4	2.24434	152.767
4	2.26999	152.775
4	2.29564	151.309
4	2.32129	151.184
4	2.34694	151.705
4	2.37259	152.262
4	2.39824	152.567
4	2.42389	152.562
4	2.44954	155.595
4	2.47519	156.64
4	2.50084	158.385
4	2.52649	159.242
4	2.55214	162.541
5	0.0128248	0
5	0.0384745	0
5	0.0641241	0
5	0.0897737	0
5	0.115423	0
5	0.141073	0
5	0.166723	0
5	0.192372	0
5	0.218022	0
5	0.243672	0
5	0.269321	0
5	0.294971	0
5	0.32062	0
5	0.34627	0
5	0.37192	0
5	0.397569	0
5	0.423219	0
5	0.448869	0
5	0.474518	0
5	0.500168	0
5	0.525818	0
5	0.551467	0
5	0.577117	0
5	0.602767	0
5	0.628416	0
5	0.654066	0
5	0.679715	0
5	0.705365	0
5	0.731015	0
5	0.756664	0
5	0.782314	0
5	0.807964	0
5	0.833613	0
5	0.859263	0
5	0.884913	0.028
5	0.910562	0.49
5	0.936212	3.944
5	0.961861	14.016
5	0.987511	31.99
5	1.01316	53.285
5	1.03881	69.702
5	1.06446	80.898
5	1.09011	85.009
5	1.11576	83.794
5	1.14141	79.706
5	1.16706	75.181
5	1.19271	69.289
5	1.21836	63.959
5	1.24401	60.072
5	1.26966	55.864
5	1.29531	52.503
5	1.32096	49.733
5	1.34661	47.008
5	1.37226	45.553
5	1.39791	44.011
5	1.42355	44.121
5	1.4492	42.641
5	1.47485	42.93
5	1.5005	43.665
5	1.52615	44.441
5	1.5518	45.263
5	1.57745	46.27
5	1.6031	49.733
5	1.62875	51.325
5	1.6544	53.843
5	1.68005	57.595
5	1.7057	60.825
5	1.73135	65.942
5	1.757	70.878
5	1.78265	75.483
5	1.8083	80.466
5	1.83395	86.871
5	1.8596	92.746
5	1.88525	101.486
5	1.9109	108.469
5	1.93655	114.718
5	1.9622	120.722
5	1.98785	127.313
5	2.0135	131.696
5	2.03915	137.901
5	2.0648	142.379
5	2.09045	146.461
5	2.1161	150.548
5	2.14174	151.799
5	2.16739	153.118
5	2.19304	154.525
5	2.21869	153.67
5	2.24434	153.851
5	2.26999	152.742
5	2.29564	154.084
5	2.32129	153.781
5	2.34694	152.554
5	2.37259	152.138
5	2.39824	152.649
5	2.42389	154.07
5	2.44954	154.507
5	2.47519	154.818
5	2.50084	155.429
5	2.52649	157.201
5	2.55214	161.068
6	0.0128248	0
6	0.0384745	0
6	0.0641241	0
6	0.0897737	0
6	0.115423	0
6	0.141073	0
6	0.166723	0
6	0.192372	0
6	0.218022	0
6	0.243672	0
6	0.269321	0
6	0.294971	0
6	0.32062	0
6	0.34627	0
6	0.37192	0
6	0.397569	0
6	0.423219	0
6	0.448869	0
6	0.474518	0
6	0.500168	0
6	0.525818	0
6	0.551467	0
6	0.577117	0
6	0.602767	0
6	0.628416	0
6	0.654066	0
6	0.679715	0
6	0.705365	0
6	0.731015	0
6	0.756664	0
6	0.782314	0
6	0.807964	0
6	0.833613	0
6	0.859263	0
6	0.884913	0.028
6	0.910562	0.586
6	0.936212	4.014
6	0.961861	14.935
6	0.987511	33.047
6	1.01316	53.631
6	1.03881	70.273
6	1.06446	81.406
6	1.09011	83.706
6	1.11576	83.866
6	1.14141	79.458
6	1.16706	73.869
6	1.19271	69.163
6	1.21836	63.578
6	1.24401	59.705
6	1.26966	55.779
6	1.29531	52.926
6	1.32096	50.413
6	1.34661	47.203
6	1.37226	45.601
6	1.39791	44.359
6	1.42355	43.246
6	1.4492	42.965
6	1.47485	43.261
6	1.5005	43.727
6	1.52615	44.199
6	1.5518	45.396
6	1.57745	46.188
6	1.6031	48.054
6	1.62875	50.684
6	1.6544	54.316
6	1.68005	56.74
6	1.7057	60.82
6	1.73135	65.86
6	1.757	70.534
6	1.78265	76.649
6	1.8083	81.025
6	1.83395	87.857
6	1.8596	94.379
6	1.88525	101.704
6	1.9109	106.689
6	1.93655	114.042
6	1.9622	120.405
6	1.98785	128.242
6	2.0135	132.991
6	2.03915	139.356
6	2.0648	142.242
6	2.09045	148.81
6	2.1161	150.113
6	2.14174	151.69
6	2.16739	153.123
6	2.19304	154.464
6	2.21869	153.816
6	2.24434	153.417
6	2.26999	153.426
6	2.29564	152.408
6	2.32129	151.658
6	2.34694	151.223
6	2.37259	151.771
6	2.39824	152.574
6	2.42389	153.245
6	2.44954	154.316
6	2.47519	156.26
6	2.50084	155.621
6	2.52649	158.935
6	2.55214	160.41
7	0.0128248	0
7	0.0384745	0
7	0.0641241	0
7	0.0897737	0
7	0.115423	0
7	0.141073	0
7	0.166723	0
7	0.192372	0
7	0.218022	0
7	0.243672	0
7	0.269321	0
7	0.294971	0
7	0.32062	0
7	0.34627	0
7	0.37192	0
7	0.397569	0
7	0.423219	0
7	0.448869	0
7	0.474518	0
7	0.500168	0
7	0.525818	0
7	0.551467	0
7	0.577117	0
7	0.602767	0
7	0.628416	0
7	0.654066	0
7	0.679715	0
7	0.705365	0
7	0.731015	0
7	0.756664	0
7	0.782314	0
7	0.807964	0
7	0.833613	0
7	0.859263	0
7	0.884913	0.034
7	0.910562	0.584
7	0.936212	3.877
7	0.961861	14.596
7	0.987511	33.157
7	1.01316	53.553
7	1.03881	70.122
7	1.06446	80.289
7	1.09011	84.945
7	1.11576	82.592
7	1.14141	79.658
7	1.16706	74.194
7	1.19271	68.958
7	1.21836	64.388
7	1.24401	59.706
7	1.26966	55.676
7	1.29531	52.695
7	1.32096	48.885
7	1.34661	47.174
7	1.37226	45.863
7	1.39791	44.603
7	1.42355	43.584
7	1.4492	43.741
7	1.47485	43.4
7	1.5005	43.808
7	1.52615	44.95
7	1.5518	45.764
7	1.57745	46.888
7	1.6031	49.1
7	1.62875	51.936
7	1.6544	54.823
7	1.68005	57.349
7	1.7057	61.586
7	1.73135	64.69
7	1.757	70.506
7	1.78265	75.537
7	1.8083	80.789
7	1.83395	86.849
7	1.8596	93.388
7	1.88525	99.951
7	1.9109	106.424
7	1.93655	113.963
7	1.9622	119.824
7	1.98785	126.957
7	2.0135	134.213
7	2.03915	138.511
7	2.0648	143.09
7	2.09045	146.914
7	2.1161	150.387
7	2.14174	152.418
7	2.16739	153.522
7	2.19304	153.281
7	2.21869	153.578
7	2.24434	153.576
7	2.26999	153.757
7	2.29564	152.658
7	2.32129	152.985
7	2.34694	151.273
7	2.37259	151.1
7	2.39824	152.036
7	2.42389	152.246
7	2.44954	154.389
7	2.47519	155.757
7	2.50084	157.132
7	2.52649	159.313
7	2.55214	162.252
8	0.0128248	0
8	0.0384745	0
8	0.0641241	0
8	0.0897737	0
8	0.115423	0
8	0.141073	0
8	0.166723	0
8	0.192372	0
8	0.218022	0
8	0.243672	0
8	0.269321	0
8	0.294971	0
8	0.32062	0
8	0.34627	0
8	0.37192	0
8	0.397569	0
8	0.423219	0
8	0.448869	0
8	0.474518	0
8	0.500168	0
8	0.525818	0
8	0.551467	0
8	0.577117	0
8	0.602767	0
8	0.628416	0
8	0.654066	0
8	0.679715	0
8	0.705365	0
8	0.731015	0
8	0.756664	0
8	0.782314	0
8	0.807964	0
8	0.833613	0
8	0.859263	0
8	0.884913	0.036
8	0.910562	0.534
8	0.936212	4.02
8	0.961861	14.481
8	0.987511	32.821
8	1.01316	53.593
8	1.03881	70.08
8	1.06446	81.139
8	1.09011	83.594
8	1.11576	83.196
8	1.14141	79.599
8	1.16706	74.851
8	1.19271	69.843
8	1.21836	64.428
8	1.24401	60.36
8	1.26966	55.849
8	1.29531	53.165
8	1.32096	49.422
8	1.34661	47.236
8	1.37226	45.585
8	1.39791	45.02
8	1.42355	43.163
8	1.4492	43.529
8	1.47485	43.316
8	1.5005	42.825
8	1.52615	44.001
8	1.5518	44.858
8	1.57745	46.617
8	1.6031	47.992
8	1.62875	50.151
8	1.6544	53.582
8	1.68005	56.551
8	1.7057	60.346
8	1.73135	64.819
8	1.757	69.653
8	1.78265	75.605
8	1.8083	81.56
8	1.83395	88.263
8	1.8596	95.611
8	1.88525	101.076
8	1.9109	108.769
8	1.93655	116.032
8	1.9622	121.28
8	1.98785	128.038
8	2.0135	133.249
8	2.03915	139.928
8	2.0648	143.477
8	2.09045	148.198
8	2.1161	150.847
8	2.14174	152.497
8	2.16739	154.253
8	2.19304	154.554
8	2.21869	153.312
8	2.24434	153.705
8	2.26999	153.021
8	2.29564	151.605
8	2.32129	151.955
8	2.34694	150.92
8	2.37259	150.176
8	2.39824	150.476
8	2.42389	151.652
8	2.44954	152.12
8	2.47519	154.741
8	2.50084	155.456
8	2.52649	156.358
8	2.55214	160.239
9	0.0128248	0
9	0.0384745	0
9	0.0641241	0
9	0.0897737	0
9	0.115423	0
9	0.141073	0
9	0.166723	0
9	0.192372	0
9	0.218022	0
9	0.243672	0
9	0.269321	0
9	0.294971	0
9	0.32062	0
9	0.34627	0
9	0.37192	0
9	0.397569	0
9	0.423219	0
9	0.448869	0
9	0.474518	0
9	0.500168	0
9	0.525818	0
9	0.551467	0
9	0.577117	0
9	0.602767	0
9	0.628416	0
9	0.654066	0
9	0.679715	0
9	0.705365	0
9	0.731015	0
9	0.756664	0
9	0.782314	0
9	0.807964	0
9	0.833613	0
9	0.859263	0
9	0.884913	0.023
9	0.910562	0.495
9	0.936212	4.246
9	0.961861	14.635
9	0.987511	32.486
9	1.01316	53.137
9	1.03881	70.147
9	1.06446	80.796
9	1.09011	84.366
9	1.11576	83.011
9	1.14141	79.713
9	1.16706	74.064
9	1.19271	69.034
9	1.21836	64.805
9	1.24401	59.562
9	1.26966	56.333
9	1.29531	52.093
9	1.32096	49.689
9	1.34661	47.751
9	1.37226	45.829
9	1.39791	44.997
9	1.42355	43.484
9	1.4492	43.37
9	1.47485	43.227
9	1.5005	43.446
9	1.52615	44.465
9	1.5518	44.963
9	1.57745	46.613
9	1.6031	48.91
9	1.62875	50.944
9	1.6544	54.221
9	1.68005	57.438
9	1.7057	61.315
9	1.73135	65.101
9	1.757	70.083
9	1.78265	75.414
9	1.8083	81.556
9	1.83395	88.503
9	1.8596	94.767
9	1.88525	99.861
9	1.9109	107.367
9	1.93655	113.96
9	1.9622	120.626
9	1.98785	126.807
9	2.0135	133.31
9	2.03915	138.367
9	2.0648	143.821
9	2.09045	148.188
9	2.1161	150.127
9	2.14174	153.174
9	2.16739	152.636
9	2.19304	154.762
9	2.21869	153.331
9	2.24434	153.603
9	2.26999	153.06
9	2.29564	151.905
9	2.32129	151.5
9	2.34694	150.785
9	2.37259	152.149
9	2.39824	150.78
9	2.42389	152.84
9	2.44954	152.965
9	2.47519	155.424
9	2.50084	155.788
9	2.52649	158.096
9	2.55214	161.742
10	0.0128248	0
10	0.0384745	0
10	0.0641241	0
10	0.0897737	0
10	0.115423	0
10	0.141073	0
10	0.166723	0
10	0.192372	0
10	0.218022	0
10	0.243672	0
10	0.269321	0
10	0.294971	0
10	0.32062	0
10	0.34627	0
10	0.37192	0
10	0.397569	0
10	0.423219	0
10	0.448869	0
10	0.474518	0
10	0.500168	0
10	0.525818	0
10	0.551467	0
10	0.577117	0
10	0.602767	0
10	0.628416	0
10	0.654066	0
10	0.679715	0
10	0.705365	0
10	0.731015	0
10	0.756664	0
10	0.782314	0
10	0.807964	0
10	0.833613	0
10	0.859263	0
10	0.884913	0.021
10	0.910562	0.562
10	0.936212	4.138
10	0.961861	14.904
10	0.987511	33.492
10	1.01316	53.697
10	1.03881	70.883
10	1.06446	80.948
10	1.09011	84.205
10	1.11576	81.964
10	1.14141	79.065
10	1.16706	74.011
10	1.19271	68.463
10	1.21836	63.89
10	1.24401	59.1
10	1.26966	55.799
10	1.29531	52.219
10	1.32096	49.327
10	1.34661	47.608
10	1.37226	46.196
10	1.39791	45.144
10	1.42355	44.315
10	1.4492	43.902
10	1.47485	43.517
10	1.5005	44.099
10	1.52615	44.455
10	1.5518	45.354
10	1.57745	46.12
10	1.6031	48.819
10	1.62875	51.085
10	1.6544	52.845
10	1.68005	56.794
10	1.7057	60.763
10	1.73135	65.169
10	1.757	70.207
10	1.78265	76.017
10	1.8083	81.853
10	1.83395	87.321
10	1.8596	94.535
10	1.88525	101.119
10	1.9109	107.193
10	1.93655	113.856
10	1.9622	122.072
10	1.98785	128.105
10	2.0135	133.469
10	2.03915	138.574
10	2.0648	143.854
10	2.09045	146.715
10	2.1161	150.404
10	2.14174	152.658
10	2.16739	151.532
10	2.19304	153.344
10	2.21869	153.281
10	2.24434	154.32
10	2.26999	152.299
10	2.29564	151.986
10	2.32129	151.4
10	2.34694	152.063
10	2.37259	151.548
10	2.39824	151.586
10	2.42389	151.409
10	2.44954	154.354
10	2.47519	155.212
10	2.50084	156.523
10	2.52649	158.674
10	2.55214	162.417
11	0.0128248	0
11	0.0384745	0
11	0.0641241	0
11	0.0897737	0
11	0.115423	0
11	0.141073	0
11	0.166723	0
11	0.192372	0
11	0.218022	0
11	0.243672	0
11	0.269321	0
11	0.294971	0
11	0.32062	0
11	0.34627	0
11	0.37192	0
11	0.397569	0
11	0.423219	0
11	0.448869	0
11	0.474518	0
11	0.500168	0
11	0.525818	0
11	0.551467	0
11	0.577117	0
11	0.602767	0
11	0.628416	0
11	0.654066	0
11	0.679715	0
11	0.705365	0
11	0.731015	0
11	0.756664	0
11	0.782314	0
11	0.807964	0
11	0.833613	0
11	0.859263	0
11	0.884913	0.023
11	0.910562	0.482
11	0.936212	3.868
11	0.961861	14.423
11	0.987511	31.908
11	1.01316	52.335
11	1.03881	69.455
11	1.06446	79.818
11	1.09011	83.696
11	1.11576	83.182
11	1.14141	79.252
11	1.16706	75.247
11	1.19271	70.538
11	1.21836	65.368
11	1.24401	61.771
11	1.26966	56.841
11	1.29531	53.326
11	1.32096	50.441
11	1.34661	48.461
11	1.37226	46.695
11	1.39791	45.311
11	1.42355	43.822
11	1.4492	43.402
11	1.47485	43.26
11	1.5005	42.948
11	1.52615	43.276
11	1.5518	44.566
11	1.57745	45.573
11	1.6031	47.409
11	1.62875	50.211
11	1.6544	52.349
11	1.68005	56.425
11	1.7057	60.334
11	1.73135	64.526
11	1.757	70.092
11	1.78265	75.568
11	1.8083	81.112
11	1.83395	87.483
11	1.8596	94.191
11	1.88525	100.121
11	1.9109	108.431
11	1.93655	114.284
11	1.9622	120.833
11	1.98785	127.168
11	2.0135	132.157
11	2.03915	139.62
11	2.0648	144.17
11	2.09045	148.132
11	2.1161	151.626
11	2.14174	153.104
11	2.16739	153.721
11	2.19304	154.517
11	2.21869	154.594
11	2.24434	154.559
11	2.26999	154.097
11	2.29564	154.087
11	2.32129	152.862
11	2.34694	150.922
11	2.37259	152.439
11	2.39824	151.946
11	2.42389	152.79
11	2.44954	153.14
11	2.47519	154.41
11	2.50084	155.969
11	2.52649	158.373
11	2.55214	159.355
12	0.0128248	0
12	0.0384745	0
12	0.0641241	0
12	0.0897737	0
12	0.115423	0
12	0.141073	0
12	0.166723	0
12	0.192372	0
12	0.218022	0
12	0.243672	0
12	0.269321	0
12	0.294971	0
12	0.32062	0
12	0.34627	0
12	0.37192	0
12	0.397569	0
12	0.423219	0
12	0.448869	0
12	0.474518	0
12	0.500168	0
12	0.525818	0
12	0.551467	0
12	0.577117	0
12	0.602767	0
12	0.628416	0
12	0.654066	0
12	0.679715	0
12	0.705365	0
12	0.731015	0
12	0.756664	0
12	0.782314	0
12	0.807964	0
12	0.833613	0
12	0.859263	0
12	0.884913	0.019
12	0.910562	0.586
12	0.936212	4.249
12	0.961861	14.727
12	0.987511	33.453
12	1.01316	54.318
12	1.03881	71.15
12	1.06446	80.794
12	1.09011	84.076
12	1.11576	82.989
12	1.14141	79.22
12	1.16706	74.466
12	1.19271	68.234
12	1.21836	64.3
12	1.24401	58.781
12	1.26966	55.643
12	1.29531	52.277
12	1.32096	49.515
12	1.34661	47.289
12	1.37226	46.039
12	1.39791	44.663
12	1.42355	43.924
12	1.4492	43.868
12	1.47485	43.243
12	1.5005	43.53
12	1.52615	43.891
12	1.5518	45.545
12	1.57745	45.849
12	1.6031	48.418
12	1.62875	50.995
12	1.6544	53.595
12	1.68005	56.885
12	1.7057	61.11
12	1.73135	66.062
12	1.757	69.984
12	1.78265	76.23
12	1.8083	81.751
12	1.83395	88.934
12	1.8596	94.806
12	1.88525	101.134
12	1.9109	108.123
12	1.93655	113.929
12	1.9622	121.707
12	1.98785	128.501
12	2.0135	133.689
12	2.03915	138.515
12	2.0648	143.292
12	2.09045	146.888
12	2.1161	149.984
12	2.14174	151.314
12	2.16739	151.691
12	2.19304	153.157
12	2.21869	153.044
12	2.24434	152.383
12	2.26999	151.843
12	2.29564	151.895
12	2.32129	151.038
12	2.34694	151.755
12	2.37259	152.325
12	2.39824	151.718
12	2.42389	153.503
12	2.44954	154.187
12	2.47519	156.069
12	2.50084	157.657
12	2.52649	159.61
12	2.55214	162.22
13	0.0128248	0
13	0.0384745	0
13	0.0641241	0
13	0.0897737	0
13	0.115423	0
13	0.141073	0
13	0.166723	0
13	0.192372	0
13	0.218022	0
13	0.243672	0
13	0.269321	0
13	0.294971	0
13	0.32062	0
13	0.34627	0
13	0.37192	0
13	0.397569	0
13	0.423219	0
13	0.448869	0
13	0.474518	0
13	0.500168	0
13	0.525818	0
13	0.551467	0
13	0.577117	0
13	0.602767	0
13	0.628416	0
13	0.654066	0
13	0.679715	0
13	0.705365	0
13	0.731015	0
13	0.756664	0
13	0.782314	0
13	0.807964	0
13	0.833613	0
13	0.859263	0.001
13	0.884913	0.032
13	0.910562	0.578
13	0.936212	3.781
13	0.961861	14.351
13	0.987511	32.041
13	1.01316	52.809
13	1.03881	69.798
13	1.06446	79.704
13	1.09011	84.112
13	1.11576	83.44
13	1.14141	80.629
13	1.16706	75.158
13	1.19271	69.361
13	1.21836	64.771
13	1.24401	59.901
13	1.26966	55.821
13	1.29531	53.037
13	1.32096	50.039
13	1.34661	47.737
13	1.37226	46.502
13	1.39791	45.081
13	1.42355	43.991
13	1.4492	43.243
13	1.47485	43.305
13	1.5005	43.41
13	1.52615	44.234
13	1.5518	44.669
13	1.57745	45.443
13	1.6031	48.02
13	1.62875	50.534
13	1.6544	53.284
13	1.68005	57.198
13	1.7057	60.248
13	1.73135	65.376
13	1.757	70.184
13	1.78265	75.843
13	1.8083	81.899
13	1.83395	86.854
13	1.8596	93.672
13	1.88525	101
13	1.9109	107.189
13	1.93655	113.626
13	1.9622	121.533
13	1.98785	127.319
13	2.0135	133.291
13	2.03915	138.418
13	2.0648	144.679
13	2.09045	147.417
13	2.1161	151.375
13	2.14174	152.196
13	2.16739	153.687
13	2.19304	154.747
13	2.21869	153.014
13	2.24434	152.464
13	2.26999	152.417
13	2.29564	152.736
13	2.32129	152.348
13	2.34694	152.186
13	2.37259	152.58
13	2.39824	152.86
13	2.42389	154.257
13	2.44954	154.23
13	2.47519	155.357
13	2.50084	156.591
13	2.52649	157.576
13	2.55214	160.117
14	0.0128248	0
14	0.0384745	0
14	0.0641241	0
14	0.0897737	0
14	0.115423	0
14	0.141073	0
14	0.166723	0
14	0.192372	0
14	0.218022	0
14	0.243672	0
14	0.269321	0
14	0.294971	0
14	0.32062	0
14	0.34627	0
14	0.37192	0
14	0.397569	0
14	0.423219	0
14	0.448869	0
14	0.474518	0
14	0.500168	0
14	0.525818	0
14	0.551467	0
14	0.577117	0
14	0.602767	0
14	0.628416	0
14	0.654066	0
14	0.679715	0
14	0.705365	0
14	0.731015	0
14	0.756664	0
14	0.782314	0
14	0.807964	0
14	0.833613	0
14	0.859263	0
14	0.884913	0.027
14	0.910562	0.583
14	0.936212	4.173
14	0.961861	15.026
14	0.987511	33.888
14	1.01316	53.409
14	1.03881	70.705
14	1.06446	81.163
14	1.09011	84.49
14	1.11576	83.594
14	1.14141	79.204
14	1.16706	74.396
14	1.19271	69.463
14	1.21836	64.082
14	1.24401	59.791
14	1.26966	56.038
14	1.29531	51.428
14	1.32096	49.24
14	1.34661	46.87
14	1.37226	45.344
14	1.39791	43.911
14	1.42355	43.411
14	1.4492	42.07
14	1.47485	42.53
14	1.5005	42.641
14	1.52615	43.453
14	1.5518	44.68
14	1.57745	46.163
14	1.6031	48.551
14	1.62875	50.625
14	1.6544	54.238
14	1.68005	57.038
14	1.7057	61.512
14	1.73135	66.625
14	1.757	71.039
14	1.78265	76.934
14	1.8083	82.439
14	1.83395	89.031
14	1.8596	96.669
14	1.88525	102.407
14	1.9109	109.157
14	1.93655	115.175
14	1.9622	121.13
14	1.98785	128.442
14	2.0135	132.711
14	2.03915	139.894
14	2.0648	144.798
14	2.09045	146.995
14	2.1161	149.39
14	2.14174	153.057
14	2.16739	151.983
14	2.19304	152.882
14	2.21869	153.169
14	2.24434	151.406
14	2.26999	152.578
14	2.29564	150.649
14	2.32129	150.151
14	2.34694	150.309
14	2.37259	149.791
14	2.39824	150.307
14	2.42389	151.337
14	2.44954	152.493
14	2.47519	153.812
14	2.50084	156.338
14	2.52649	156.761
14	2.55214	160.778
15	0.0128248	0
15	0.0384745	0
15	0.0641241	0
15	0.0897737	0
15	0.115423	0
15	0.141073	0
15	0.166723	0
15	0.192372	0
15	0.218022	0
15	0.243672	0
15	0.269321	0
15	0.294971	0
15	0.32062	0
15	0.34627	0
15	0.37192	0
15	0.397569	0
15	0.423219	0
15	0.448869	0
15	0.474518	0
15	0.500168	0
15	0.525818	0
15	0.551467	0
15	0.577117	0
15	0.602767	0
15	0.628416	0
15	0.654066	0
15	0.679715	0
15	0.705365	0
15	0.731015	0
15	0.756664	0
15	0.782314	0
15	0.807964	0
15	0.833613	0
15	0.859263	0
15	0.884913	0.019
15	0.910562	0.558
15	0.936212	3.944
15	0.961861	14.78
15	0.987511	33.075
15	1.01316	53.293
15	1.03881	70.392
15	1.06446	80.754
15	1.09011	85.355
15	1.11576	82.838
15	1.14141	79.274
15	1.16706	74.649
15	1.19271	68.823
15	1.21836	64.31
15	1.24401	59.987
15	1.26966	55.427
15	1.29531	52.488
15	1.32096	49.898
15	1.34661	47.198
15	1.37226	45.921
15	1.39791	44.523
15	1.42355	43.882
15	1.4492	42.617
15	1.47485	42.889
15	1.5005	44.189
15	1.52615	43.728
15	1.5518	45.41
15	1.57745	47.01
15	1.6031	48.935
15	1.62875	50.909
15	1.6544	54.329
15	1.68005	57.148
15	1.7057	60.787
15	1.73135	64.846
15	1.757	69.922
15	1.78265	75.151
15	1.8083	81.314
15	1.83395	87.809
15	1.8596	93.6
15	1.88525	100.138
15	1.9109	108.124
15	1.93655	114.545
15	1.9622	121.312
15	1.98785	127.846
15	2.0135	133.645
15	2.03915	139.045
15	2.0648	143.984
15	2.09045	146.641
15	2.1161	150.945
15	2.14174	153.435
15	2.16739	153.82
15	2.19304	153.397
15	2.21869	154.107
15	2.24434	153.996
15	2.26999	153.25
15	2.29564	151.829
15	2.32129	153.736
15	2.34694	152.749
15	2.37259	152.416
15	2.39824	153.116
15	2.42389	153.34
15	2.44954	152.93
15	2.47519	155.897
15	2.50084	155.237
15	2.52649	156.523
15	2.55214	159.416
16	0.0128248	0
16	0.0384745	0
16	0.0641241	0
16	0.0897737	0
16	0.115423	0
16	0.141073	0
16	0.166723	0
16	0.192372	0
16	0.218022	0
16	0.243672	0
16	0.269321	0
16	0.294971	0
16	0.32062	0
16	0.34627	0
16	0.37192	0
16	0.397569	0
16	0.423219	0
16	0.448869	0
16	0.474518	0
16	0.500168	0
16	0.525818	0
16	0.551467	0
16	0.577117	0
16	0.602767	0
16	0.628416	0
16	0.654066	0
16	0.679715	0
16	0.705365	0
16	0.731015	0
16	0.756664	0
16	0.782314	0
16	0.807964	0
16	0.833613	0
16	0.859263	0.001
16	0.884913	0.031
16	0.910562	0.505
16	0.936212	4.111
16	0.961861	14.314
16	0.987511	32.388
16	1.01316	52.03
16	1.03881	69.54
16	1.06446	80.508
16	1.09011	84.142
16	1.11576	83.659
16	1.14141	79.904
16	1.16706	75.731
16	1.19271	69.378
16	1.21836	64.714
16	1.24401	60.575
16	1.26966	56.345
16	1.29531	52.591
16	1.32096	49.853
16	1.34661	47.73
16	1.37226	45.806
16	1.39791	44.959
16	1.42355	43.832
16	1.4492	43.37
16	1.47485	42.669
16	1.5005	43.779
16	1.52615	44.382
16	1.5518	45.265
16	1.57745	46.809
16	1.6031	48.482
16	1.62875	50.681
16	1.6544	53.477
16	1.68005	56.366
16	1.7057	60.597
16	1.73135	64.901
16	1.757	70.075
16	1.78265	74.6
16	1.8083	81.429
16	1.83395	86.798
16	1.8596	93.454
16	1.88525	100.793
16	1.9109	106.427
16	1.93655	114.252
16	1.9622	121.114
16	1.98785	127.786
16	2.0135	133.795
16	2.03915	139.037
16	2.0648	143.991
16	2.09045	147.992
16	2.1161	151.282
16	2.14174	153.163
16	2.16739	155.033
16	2.19304	154.909
16	2.21869	153.732
16	2.24434	154.691
16	2.26999	154.955
16	2.29564	153.031
16	2.32129	151.505
16	2.34694	151.448
16	2.37259	151.627
16	2.39824	152.291
16	2.42389	151.77
16	2.44954	152.877
16	2.47519	153.741
16	2.50084	154.227
16	2.52649	156.402
16	2.55214	160.32
17	0.0128248	0
17	0.0384745	0
17	0.0641241	0
17	0.0897737	0
17	0.115423	0
17	0.141073	0
17	0.166723	0
17	0.192372	0
17	0.218022	0
17	0.243672	0
17	0.269321	0
17	0.294971	0
17	0.32062	0
17	0.34627	0
17	0.37192	0
17	0.397569	0
17	0.423219	0
17	0.448869	0
17	0.474518	0
17	0.500168	0
17	0.525818	0
17	0.551467	0
17	0.577117	0
17	0.602767	0
17	0.628416	0
17	0.654066	0
17	0.679715	0
17	0.705365	0
17	0.731015	0
17	0.756664	0
17	0.782314	0
17	0.807964	0
17	0.833613	0
17	0.859263	0
17	0.884913	0.016
17	0.910562	0.558
17	0.936212	4.108
17	0.961861	14.667
17	0.987511	33.21
17	1.01316	54.198
17	1.03881	71.066
17	1.06446	81.464
17	1.09011	84.365
17	1.11576	83.087
17	1.14141	79.484
17	1.16706	73.693
17	1.19271	68.321
17	1.21836	63.577
17	1.24401	60.038
17	1.26966	55.243
17	1.29531	51.397
17	1.32096	49.372
17	1.34661	46.937
17	1.37226	45.28
17	1.39791	44.397
17	1.42355	44.192
17	1.4492	43.291
17	1.47485	43.827
17	1.5005	43.807
17	1.52615	44.567
17	1.5518	45.387
17	1.57745	47.292
17	1.6031	48.516
17	1.62875	51.361
17	1.6544	53.307
17	1.68005	57.73
17	1.7057	60.692
17	1.73135	66.195
17	1.757	70.255
17	1.78265	75.947
17	1.8083	81.607
17	1.83395	87.479
17	1.8596	93.841
17	1.88525	100.402
17	1.9109	106.561
17	1.93655	114.887
17	1.9622	121.797
17	1.98785	128.289
17	2.0135	134.167
17	2.03915	139.952
17	2.0648	144.758
17	2.09045	147.498
17	2.1161	150.252
17	2.14174	151.661
17	2.16739	152.293
17	2.19304	153.948
17	2.21869	152.63
17	2.24434	152.103
17	2.26999	152.408
17	2.29564	152.973
17	2.32129	151.25
17	2.34694	150.863
17	2.37259	150.858
17	2.39824	151.712
17	2.42389	153.637
17	2.44954	153.753
17	2.47519	155.796
17	2.50084	156.843
17	2.52649	158.976
17	2.55214	161.536
18	0.0128248	0
18	0.0384745	0
18	0.0641241	0
18	0.0897737	0
18	0.115423	0
18	0.141073	0
18	0.166723	0
18	0.192372	0
18	0.218022	0
18	0.243672	0
18	0.269321	0
18	0.294971	0
18	0.32062	0
18	0.34627	0
18	0.37192	0
18	0.397569	0
18	0.423219	0
18	0.448869	0
18	0.474518	0
18	0.500168	0
18	0.525818	0
18	0.551467	0
18	0.577117	0
18	0.602767	0
18	0.628416	0
18	0.654066	0
18	0.679715	0
18	0.705365	0
18	0.731015	0
18	0.756664	0
18	0.782314	0
18	0.807964	0
18	0.833613	0
18	0.859263	0
18	0.884913	0.03
18	0.910562	0.623
18	0.936212	4.1
18	0.961861	14.783
18	0.987511	32.349
18	1.01316	53.188
18	1.03881	69.916
18	1.06446	80.514
18	1.09011	83.887
18	1.11576	84.4
18	1.14141	79.477
18	1.16706	74.199
18	1.19271	69.433
18	1.21836	64.761
18	1.24401	60.497
18	1.26966	56.177
18	1.29531	52.713
18	1.32096	49.856
18	1.34661	47.832
18	1.37226	46.097
18	1.39791	44.5
18	1.42355	44.023
18	1.4492	43.649
18	1.47485	43.437
18	1.5005	43.313
18	1.52615	43.762
18	1.5518	44.406
18	1.57745	46.109
18	1.6031	47.61
18	1.62875	49.378
18	1.6544	53.357
18	1.68005	56.619
18	1.7057	60.449
18	1.73135	64.402
18	1.757	70.137
18	1.78265	75.9
18	1.8083	81.227
18	1.83395	87.413
18	1.8596	94.829
18	1.88525	101.298
18	1.9109	107.217
18	1.93655	114.205
18	1.9622	121.437
18	1.98785	129.047
18	2.0135	134.835
18	2.03915	140.923
18	2.0648	144.621
18	2.09045	148.431
18	2.1161	150.384
18	2.14174	152.426
18	2.16739	152.858
18	2.19304	152.935
18	2.21869	154.318
18	2.24434	153.037
18	2.26999	152.349
18	2.29564	151.76
18	2.32129	152.666
18	2.34694	152.186
18	2.37259	152.532
18	2.39824	151.834
18	2.42389	153.44
18	2.44954	154.653
18	2.47519	154.825
18	2.50084	155.727
18	2.52649	156.821
18	2.55214	159.215
19	0.0128248	0
19	0.0384745	0
19	0.0641241	0
19	0.0897737	0
19	0.115423	0
19	0.141073	0
19	0.166723	0
19	0.192372	0
19	0.218022	0
19	0.243672	0
19	0.269321	0
19	0.294971	0
19	0.32062	0
19	0.34627	0
19	0.37192	0
19	0.397569	0
19	0.423219	0
19	0.448869	0
19	0.474518	0
19	0.500168	0
19	0.525818	0
19	0.551467	0
19	0.577117	0
19	0.602767	0
19	0.628416	0
19	0.654066	0
19	0.679715	0
19	0.705365	0
19	0.731015	0
19	0.756664	0
19	0.782314	0
19	0.807964	0
19	0.833613	0
19	0.859263	0
19	0.884913	0.023
19	0.910562	0.487
19	0.936212	3.808
19	0.961861	14.19
19	0.987511	32.357
19	1.01316	52.564
19	1.03881	70.397
19	1.06446	79.667
19	1.09011	84.854
19	1.11576	83.283
19	1.14141	80.295
19	1.16706	75.601
19	1.19271	70.05
19	1.21836	65.044
19	1.24401	60.164
19	1.26966	56.05
19	1.29531	53.356
19	1.32096	50.318
19	1.34661	47.224
19	1.37226	44.838
19	1.39791	44.111
19	1.42355	43.279
19	1.4492	43.302
19	1.47485	42.523
19	1.5005	43.937
19	1.52615	43.924
19	1.5518	44.986
19	1.57745	46.61
19	1.6031	48.273
19	1.62875	50.184
19	1.6544	53.556
19	1.68005	56.046
19	1.7057	60.002
19	1.73135	64.825
19	1.757	69.672
19	1.78265	75.741
19	1.8083	81.884
19	1.83395	88.335
19	1.8596	94.091
19	1.88525	99.72
19	1.9109	106.619
19	1.93655	114.19
19	1.9622	120.447
19	1.98785	127.402
19	2.0135	134.026
19	2.03915	139.113
19	2.0648	145.255
19	2.09045	148.615
19	2.1161	152.443
19	2.14174	153.588
19	2.16739	154.669
19	2.19304	155.946
19	2.21869	154.471
19	2.24434	155.694
19	2.26999	152.541
19	2.29564	154.314
19	2.32129	152.417
19	2.34694	153.229
19	2.37259	151.102
19	2.39824	151.329
19	2.42389	150.588
19	2.44954	152.19
19	2.47519	152.767
19	2.50084	154.204
19	2.52649	156.542
19	2.55214	158.448
20	0.0128248	0
20	0.0384745	0
20	0.0641241	0
20	0.0897737	0
20	0.115423	0
20	0.141073	0
20	0.166723	0
20	0.192372	0
20	0.218022	0
20	0.243672	0
20	0.269321	0
20	0.294971	0
20	0.32062	0
20	0.34627	0
20	0.37192	0
20	0.397569	0
20	0.423219	0
20	0.448869	0
20	0.474518	0
20	0.500168	0
20	0.525818	0
20	0.551467	0
20	0.577117	0
20	0.602767	0
20	0.628416	0
20	0.654066	0
20	0.679715	0
20	0.705365	0
20	0.731015	0
20	0.756664	0
20	0.782314	0
20	0.807964	0
20	0.833613	0
20	0.859263	0
20	0.884913	0.022
20	0.910562	0.528
20	0.936212	3.922
20	0.961861	14.163
20	0.987511	32.29
20	1.01316	53.092
20	1.03881	70.514
20	1.06446	80.88
20	1.09011	84.931
20	1.11576	83.777
20	1.14141	79.765
20	1.16706	74.93
20	1.19271	70.105
20	1.21836	63.905
20	1.24401	59.982
20	1.26966	55.638
20	1.29531	52.015
20	1.32096	49.098
20	1.34661	46.617
20	1.37226	45.372
20	1.39791	44.167
20	1.42355	43.629
20	1.4492	43.036
20	1.47485	42.895
20	1.5005	43.038
20	1.52615	44.364
20	1.5518	45.102
20	1.57745	46.647
20	1.6031	49.088
20	1.62875	51.192
20	1.6544	54.309
20	1.68005	57.508
20	1.7057	61.381
20	1.73135	66.59
20	1.757	70.247
20	1.78265	76.811
20	1.8083	81.921
20	1.83395	88.931
20	1.8596	94.074
20	1.88525	100.752
20	1.9109	106.916
20	1.93655	114.684
20	1.9622	121.046
20	1.98785	127.801
20	2.0135	132.898
20	2.03915	139.341
20	2.0648	143.306
20	2.09045	146.802
20	2.1161	150.126
20	2.14174	152.234
20	2.16739	153.077
20	2.19304	153.599
20	2.21869	152.1
20	2.24434	151.388
20	2.26999	151.153
20	2.29564	150.332
20	2.32129	151.718
20	2.34694	149.985
20	2.37259	150.295
20	2.39824	153.373
20	2.42389	151.927
20	2.44954	154.041
20	2.47519	155.725
20	2.50084	156.931
20	2.52649	158.501
20	2.55214	162.45
21	0.0128248	0
21	0.0384745	0
21	0.0641241	0
21	0.0897737	0
21	0.115423	0
21	0.141073	0
21	0.166723	0
21	0.192372	0
21	0.218022	0
21	0.243672	0
21	0.269321	0
21	0.294971	0
21	0.32062	0
21	0.34627	0
21	0.37192	0
21	0.397569	0
21	0.423219	0
21	0.448869	0
21	0.474518	0
21	0.500168	0
21	0.525818	0
21	0.551467	0
21	0.577117	0
21	0.602767	0
21	0.628416	0
21	0.654066	0
21	0.679715	0
21	0.705365	0
21	0.731015	0
21	0.756664	0
21	0.782314	0
21	0.807964	0
21	0.833613	0
21	0.859263	0
21	0.884913	0.022
21	0.910562	0.493
21	0.936212	3.971
21	0.961861	14.38
21	0.987511	32.35
21	1.01316	52.935
21	1.03881	70.087
21	1.06446	80.571
21	1.09011	85.103
21	1.11576	83.66
21	1.14141	80.002
21	1.16706	75.431
21	1.19271	70.602
21	1.21836	64.94
21	1.24401	59.836
21	1.26966	56.27
21	1.29531	53.314
21	1.32096	50.511
21	1.34661	47.61
21	1.37226	45.598
21	1.39791	44.266
21	1.42355	43.303
21	1.4492	42.643
21	1.47485	42.428
21	1.5005	43.26
21	1.52615	42.89
21	1.5518	43.939
21	1.57745	45.648
21	1.6031	48.053
21	1.62875	49.991
21	1.6544	53.199
21	1.68005	56.472
21	1.7057	61.221
21	1.73135	66.314
21	1.757	69.923
21	1.78265	75.913
21	1.8083	82.354
21	1.83395	87.794
21	1.8596	94.356
21	1.88525	100.502
21	1.9109	109.097
21	1.93655	114.678
21	1.9622	120.885
21	1.98785	127.906
21	2.0135	133.341
21	2.03915	140.341
21	2.0648	143.658
21	2.09045	148.01
21	2.1161	150.26
21	2.14174	152.725
21	2.16739	153.361
21	2.19304	155.112
21	2.21869	153.681
21	2.24434	154.644
21	2.26999	153.324
21	2.29564	153.263
21	2.32129	152.802
21	2.34694	151.767
21	2.37259	152.225
21	2.39824	152.208
21	2.42389	151.627
21	2.44954	153.267
21	2.47519	154.422
21	2.50084	154.773
21	2.52649	156.749
21	2.55214	160.342
22	0.0128248	0
22	0.0384745	0
22	0.0641241	0
22	0.0897737	0
22	0.115423	0
22	0.141073	0
22	0.166723	0
22	0.192372	0
22	0.218022	0
22	0.243672	0
22	0.269321	0
22	0.294971	0
22	0.32062	0
22	0.34627	0
22	0.37192	0
22	0.397569	0
22	0.423219	0
22	0.448869	0
22	0.474518	0
22	0.500168	0
22	0.525818	0
22	0.551467	0
22	0.577117	0
22	0.602767	0
22	0.628416	0
22	0.654066	0
22	0.679715	0
22	0.705365	0
22	0.731015	0
22	0.756664	0
22	0.782314	0
22	0.807964	0
22	0.833613	0
22	0.859263	0.001
22	0.884913	0.029
22	0.910562	0.542
22	0.936212	3.861
22	0.961861	14.156
22	0.987511	31.633
22	1.01316	52.724
22	1.03881	70.806
22	1.06446	79.87
22	1.09011	84.903
22	1.11576	83.474
22	1.14141	80.108
22	1.16706	74.885
22	1.19271	70.025
22	1.21836	65.377
22	1.24401	60.62
22	1.26966	56.844
22	1.29531	53.116
22	1.32096	50.136
22	1.34661	47.84
22	1.37226	46.005
22	1.39791	44.451
22	1.42355	44.018
22	1.4492	43.07
22	1.47485	43.048
22	1.5005	43.233
22	1.52615	43.934
22	1.5518	44.702
22	1.57745	45.435
22	1.6031	47.963
22	1.62875	50.678
22	1.6544	52.768
22	1.68005	55.93
22	1.7057	59.107
22	1.73135	64.11
22	1.757	69.56
22	1.78265	74.608
22	1.8083	80.051
22	1.83395	87.009
22	1.8596	93.22
22	1.88525	101.24
22	1.9109	108.009
22	1.93655	114.263
22	1.9622	121.811
22	1.98785	128.657
22	2.0135	135.939
22	2.03915	140.746
22	2.0648	145.703
22	2.09045	148.813
22	2.1161	151.109
22	2.14174	154.47
22	2.16739	154.258
22	2.19304	154.86
22	2.21869	154.965
22	2.24434	153.521
22	2.26999	152.821
22	2.29564	152.924
22	2.32129	151.54
22	2.34694	151.412
22	2.37259	152.036
22	2.39824	152.603
22	2.42389	151.068
22	2.44954	153.036
22	2.47519	154.447
22	2.50084	155.746
22	2.52649	156.695
22	2.55214	160.46
23	0.0128248	0
23	0.0384745	0
23	0.0641241	0
23	0.0897737	0
23	0.115423	0
23	0.141073	0
23	0.166723	0
23	0.192372	0
23	0.218022	0
23	0.243672	0
23	0.269321	0
23	0.294971	0
23	0.32062	0
23	0.34627	0
23	0.37192	0
23	0.397569	0
23	0.423219	0
23	0.448869	0
23	0.474518	0
23	0.500168	0
23	0.525818	0
23	0.551467	0
23	0.577117	0
23	0.602767	0
23	0.628416	0
23	0.654066	0
23	0.679715	0
23	0.705365	0
23	0.731015	0
23	0.756664	0
23	0.782314	0
23	0.807964	0
23	0.833613	0
23	0.859263	0
23	0.884913	0.028
23	0.910562	0.6
23	0.936212	3.955
23	0.961861	14.245
23	0.987511	32.468
23	1.01316	53.293
23	1.03881	69.83
23	1.06446	80.91
23	1.09011	84.997
23	1.11576	83.2
23	1.14141	80.191
23	1.16706	74.698
23	1.19271	69.449
23	1.21836	64.479
23	1.24401	59.958
23	1.26966	55.773
23	1.29531	52.357
23	1.32096	50.019
23	1.34661	47.945
23	1.37226	45.594
23	1.39791	44.44
23	1.42355	42.919
23	1.4492	42.864
23	1.47485	42.818
23	1.5005	43.731
23	1.52615	43.631
23	1.5518	45.283
23	1.57745	46.361
23	1.6031	49.07
23	1.62875	51.616
23	1.6544	53.821
23	1.68005	57.498
23	1.7057	60.096
23	1.73135	65.357
23	1.757	70.08
23	1.78265	75.382
23	1.8083	81.115
23	1.83395	86.147
23	1.8596	93.287
23	1.88525	100.547
23	1.9109	106.743
23	1.93655	113.664
23	1.9622	120.989
23	1.98785	126.937
23	2.0135	133.548
23	2.03915	138.577
23	2.0648	144.551
23	2.09045	148.848
23	2.1161	150.793
23	2.14174	153.866
23	2.16739	153.879
23	2.19304	154.497
23	2.21869	154.569
23	2.24434	154.624
23	2.26999	154.224
23	2.29564	152.702
23	2.32129	153.344
23	2.34694	152.674
23	2.37259	152.316
23	2.39824	151.784
23	2.42389	152.535
23	2.44954	154.358
23	2.47519	154.68
23	2.50084	156.37
23	2.52649	157.146
23	2.55214	158.509
24	0.0128248	0
24	0.0384745	0
24	0.0641241	0
24	0.0897737	0
24	0.115423	0
24	0.141073	0
24	0.166723	0
24	0.192372	0
24	0.218022	0
24	0.243672	0
24	0.269321	0
24	0.294971	0
24	0.32062	0
24	0.34627	0
24	0.37192	0
24	0.397569	0
24	0.423219	0
24	0.448869	0
24	0.474518	0
24	0.500168	0
24	0.525818	0
24	0.551467	0
24	0.577117	0
24	0.602767	0
24	0.628416	0
24	0.654066	0
24	0.679715	0
24	0.705365	0
24	0.731015	0
24	0.756664	0
24	0.782314	0
24	0.807964	0
24	0.833613	0
24	0.859263	0
24	0.884913	0.034
24	0.910562	0.602
24	0.936212	4.194
24	0.961861	14.699
24	0.987511	33.303
24	1.01316	53.21
24	1.03881	70.104
24	1.06446	81.14
24	1.09011	84.281
24	1.11576	83.255
24	1.14141	79.706
24	1.16706	74.273
24	1.19271	70.018
24	1.21836	64.711
24	1.24401	60.022
24	1.26966	56.258
24	1.29531	51.785
24	1.32096	49.061
24	1.34661	46.764
24	1.37226	45.564
24	1.39791	44.388
24	1.42355	43.213
24	1.4492	42.575
24	1.47485	42.016
24	1.5005	43.161
24	1.52615	43.833
24	1.5518	45.47
24	1.57745	46.544
24	1.6031	48.885
24	1.62875	51.538
24	1.6544	53.959
24	1.68005	56.301
24	1.7057	61.199
24	1.73135	64.869
24	1.757	70.458
24	1.78265	75.884
24	1.8083	82.152
24	1.83395	88.073
24	1.8596	94.755
24	1.88525	101.265
24	1.9109	108.255
24	1.93655	115.542
24	1.9622	121.086
24	1.98785	126.951
24	2.0135	133.742
24	2.03915	139.157
24	2.0648	143.997
24	2.09045	148.112
24	2.1161	150.685
24	2.14174	152.87
24	2.16739	154.262
24	2.19304	154.457
24	2.21869	153.647
24	2.24434	154.197
24	2.26999	152.569
24	2.29564	151.876
24	2.32129	151.617
24	2.34694	150.789
24	2.37259	151.277
24	2.39824	151.828
24	2.42389	151.666
24	2.44954	151.654
24	2.47519	154.001
24	2.50084	154.844
24	2.52649	156.709
24	2.55214	160.359
25	0.0128248	0
25	0.0384745	0
25	0.0641241	0
25	0.0897737	0
25	0.115423	0
25	0.141073	0
25	0.166723	0
25	0.192372	0
25	0.218022	0
25	0.243672	0
25	0.269321	0
25	0.294971	0
25	0.32062	0
25	0.34627	0
25	0.37192	0
25	0.397569	0
25	0.423219	0
25	0.448869	0
25	0.474518	0
25	0.500168	0
25	0.525818	0
25	0.551467	0
25	0.577117	0
25	0.602767	0
25	0.628416	0
25	0.654066	0
25	0.679715	0
25	0.705365	0
25	0.731015	0
25	0.756664	0
25	0.782314	0
25	0.807964	0
25	0.833613	0
25	0.859263	0
25	0.884913	0.045
25	0.910562	0.559
25	0.936212	4.075
25	0.961861	14.751
25	0.987511	33.286
25	1.01316	52.946
25	1.03881	70.586
25	1.06446	81.111
25	1.09011	84.194
25	1.11576	83.218
25	1.14141	79.939
25	1.16706	74.839
25	1.19271	69.347
25	1.21836	64.356
25	1.24401	59.828
25	1.26966	55.406
25	1.29531	52.224
25	1.32096	49.183
25	1.34661	47.065
25	1.37226	45.58
25	1.39791	44.08
25	1.42355	43.374
25	1.4492	42.76
25	1.47485	42.368
25	1.5005	42.85
25	1.52615	43.141
25	1.5518	45.184
25	1.57745	46.356
25	1.6031	48.842
25	1.62875	51.251
25	1.6544	54.718
25	1.68005	57.802
25	1.7057	61.864
25	1.73135	66.253
25	1.757	70.803
25	1.78265	77.009
25	1.8083	83.163
25	1.83395	88.966
25	1.8596	93.87
25	1.88525	101.084
25	1.9109	107.203
25	1.93655	114.794
25	1.9622	119.436
25	1.98785	127.51
25	2.0135	133.93
25	2.03915	137.987
25	2.0648	143.271
25	2.09045	147.637
25	2.1161	150.097
25	2.14174	152.234
25	2.16739	152.317
25	2.19304	153.057
25	2.21869	152.313
25	2.24434	153.817
25	2.26999	152.928
25	2.29564	152.235
25	2.32129	152.751
25	2.34694	150.378
25	2.37259	151.456
25	2.39824	151.18
25	2.42389	151.844
25	2.44954	152.454
25	2.47519	154.589
25	2.50084	156.478
25	2.52649	158.783
25	2.55214	159.95
26	0.0128248	0
26	0.0384745	0
26	0.0641241	0
26	0.0897737	0
26	0.115423	0
26	0.141073	0
26	0.166723	0
26	0.192372	0
26	0.218022	0
26	0.243672	0
26	0.269321	0
26	0.294971	0
26	0.32062	0
26	0.34627	0
26	0.37192	0
26	0.397569	0
26	0.423219	0
26	0.448869	0
26	0.474518	0
26	0.500168	0
26	0.525818	0
26	0.551467	0
26	0.577117	0
26	0.602767	0
26	0.628416	0
26	0.654066	0
26	0.679715	0
26	0.705365	0
26	0.731015	0
26	0.756664	0
26	0.782314	0
26	0.807964	0
26	0.833613	0
26	0.859263	0
26	0.884913	0.029
26	0.910562	0.544
26	0.936212	4.061
26	0.961861	14.872
26	0.987511	32.569
26	1.01316	53.612
26	1.03881	70.828
26	1.06446	80.724
26	1.09011	83.834
26	1.11576	83.123
26	1.14141	80.535
26	1.16706	74.708
26	1.19271	68.924
26	1.21836	64.044
26	1.24401	58.911
26	1.26966	55.392
26	1.29531	51.275
26	1.32096	49.302
26	1.34661	46.799
26	1.37226	45.523
26	1.39791	44.563
26	1.42355	43.449
26	1.4492	43.288
26	1.47485	43.347
26	1.5005	44.143
26	1.52615	44.709
26	1.5518	45.684
26	1.57745	47.211
26	1.6031	49.928
26	1.62875	51.167
26	1.6544	54.098
26	1.68005	57.578
26	1.7057	61.967
26	1.73135	65.737
26	1.757	70.794
26	1.78265	75.623
26	1.8083	81.045
26	1.83395	87.396
26	1.8596	93.851
26	1.88525	100.138
26	1.9109	106.908
26	1.93655	114.043
26	1.9622	120.543
26	1.98785	127.202
26	2.0135	133.541
26	2.03915	138.624
26	2.0648	142.907
26	2.09045	145.772
26	2.1161	149.702
26	2.14174	152.303
26	2.16739	153.167
26	2.19304	153.18
26	2.21869	153.095
26	2.24434	153.622
26	2.26999	152.707
26	2.29564	151.609
26	2.32129	150.99
26	2.34694	152.165
26	2.37259	153
26	2.39824	154.556
26	2.42389	154.05
26	2.44954	155.53
26	2.47519	157.673
26	2.50084	157.452
26	2.52649	158.844
26	2.55214	162.155
27	0.0128248	0
27	0.0384745	0
27	0.0641241	0
27	0.0897737	0
27	0.115423	0
27	0.141073	0
27	0.166723	0
27	0.192372	0
27	0.218022	0
27	0.243672	0
27	0.269321	0
27	0.294971	0
27	0.32062	0
27	0.34627	0
27	0.37192	0
27	0.397569	0
27	0.423219	0
27	0.448869	0
27	0.474518	0
27	0.500168	0
27	0.525818	0
27	0.551467	0
27	0.577117	0
27	0.602767	0
27	0.628416	0
27	0.654066	0
27	0.679715	0
27	0.705365	0
27	0.731015	0
27	0.756664	0
27	0.782314	0
27	0.807964	0
27	0.833613	0
27	0.859263	0
27	0.884913	0.036
27	0.910562	0.607
27	0.936212	4.201
27	0.961861	14.927
27	0.987511	32.911
27	1.01316	53.611
27	1.03881	69.97
27	1.06446	80.696
27	1.09011	83.799
27	1.11576	83.732
27	1.14141	79.422
27	1.16706	74.135
27	1.19271	69.491
27	1.21836	64.559
27	1.24401	59.963
27	1.26966	55.623
27	1.29531	52.409
27	1.32096	49.731
27	1.34661	46.964
27	1.37226	45.699
27	1.39791	44.517
27	1.42355	43.74
27	1.4492	42.902
27	1.47485	43.261
27	1.5005	43.756
27	1.52615	44.601
27	1.5518	45.226
27	1.57745	46.473
27	1.6031	48.604
27	1.62875	51.361
27	1.6544	53.733
27	1.68005	57.244
27	1.7057	61.214
27	1.73135	65.163
27	1.757	70.405
27	1.78265	75.668
27	1.8083	81.837
27	1.83395	87.06
27	1.8596	94.169
27	1.88525	99.967
27	1.9109	107.571
27	1.93655	114.66
27	1.9622	120.677
27	1.98785	127.443
27	2.0135	133.311
27	2.03915	138.279
27	2.0648	143.601
27	2.09045	147.921
27	2.1161	150.183
27	2.14174	152.741
27	2.16739	152.258
27	2.19304	154.219
27	2.21869	154.334
27	2.24434	153.482
27	2.26999	153.696
27	2.29564	152.8
27	2.32129	151.745
27	2.34694	152.36
27	2.37259	151.912
27	2.39824	151.5
27	2.42389	153.619
27	2.44954	153.891
27	2.47519	154.494
27	2.50084	155.328
27	2.52649	156.77
27	2.55214	161.288
28	0.0128248	0
28	0.0384745	0
28	0.0641241	0
28	0.0897737	0
28	0.115423	0
28	0.141073	0
28	0.166723	0
28	0.192372	0
28	0.218022	0
28	0.243672	0
28	0.269321	0
28	0.294971	0
28	0.32062	0
28	0.34627	0
28	0.37192	0
28	0.397569	0
28	0.423219	0
28	0.448869	0
28	0.474518	0
28	0.500168	0
28	0.525818	0
28	0.551467	0
28	0.577117	0
28	0.602767	0
28	0.628416	0
28	0.654066	0
28	0.679715	0
28	0.705365	0
28	0.731015	0
28	0.756664	0
28	0.782314	0
28	0.807964	0
28	0.833613	0
28	0.859263	0
28	0.884913	0.024
28	0.910562	0.541
28	0.936212	3.992
28	0.961861	14.584
28	0.987511	32.245
28	1.01316	54.173
28	1.03881	70.158
28	1.06446	80.799
28	1.09011	85.062
28	1.11576	83.173
28	1.14141	79.687
28	1.16706	75.076
28	1.19271	69.367
28	1.21836	64.733
28	1.24401	58.925
28	1.26966	55.346
28	1.29531	52.357
28	1.32096	49.741
28	1.34661	47.944
28	1.37226	45.86
28	1.39791	44.171
28	1.42355	43.108
28	1.4492	43.24
28	1.47485	42.894
28	1.5005	42.577
28	1.52615	43.612
28	1.5518	44.777
28	1.57745	46.68
28	1.6031	48.764
28	1.62875	50.415
28	1.6544	53.41
28	1.68005	56.245
28	1.7057	60.913
28	1.73135	65.447
28	1.757	70.869
28	1.78265	75.436
28	1.8083	81.606
28	1.83395	88.627
28	1.8596	94.309
28	1.88525	101.592
28	1.9109	108.061
28	1.93655	115.423
28	1.9622	121.85
28	1.98785	128.058
28	2.0135	134.532
28	2.03915	140.739
28	2.0648	144.382
28	2.09045	149.519
28	2.1161	151.379
28	2.14174	151.5
28	2.16739	151.934
28	2.19304	152.257
28	2.21869	152.745
28	2.24434	152.146
28	2.26999	151.696
28	2.29564	150.841
28	2.32129	151.246
28	2.34694	150.937
28	2.37259	150.489
28	2.39824	151.358
28	2.42389	151.155
28	2.44954	153.098
28	2.47519	155.069
28	2.50084	155.607
28	2.52649	157.071
28	2.55214	161.648
29	0.0128248	0
29	0.0384745	0
29	0.0641241	0
29	0.0897737	0
29	0.115423	0
29	0.141073	0
29	0.166723	0
29	0.192372	0
29	0.218022	0
29	0.243672	0
29	0.269321	0
29	0.294971	0
29	0.32062	0
29	0.34627	0
29	0.37192	0
29	0.397569	0
29	0.423219	0
29	0.448869	0
29	0.474518	0
29	0.500168	0
29	0.525818	0
29	0.551467	0
29	0.577117	0
29	0.602767	0
29	0.628416	0
29	0.654066	0
29	0.679715	0
29	0.705365	0
29	0.731015	0
29	0.756664	0
29	0.782314	0
29	0.807964	0
29	0.833613	0
29	0.859263	0
29	0.884913	0.026
29	0.910562	0.464
29	0.936212	3.652
29	0.961861	13.622
29	0.987511	31.483
29	1.01316	52.089
29	1.03881	70.022
29	1.06446	79.745
29	1.09011	84.47
29	1.11576	84.548
29	1.14141	80.516
29	1.16706	75.336
29	1.19271	71.209
29	1.21836	65.41
29	1.24401	60.619
29	1.26966	56.436
29	1.29531	53.495
29	1.32096	50.328
29	1.34661	47.993
29	1.37226	45.785
29	1.39791	44.726
29	1.42355	43.781
29	1.4492	42.977
29	1.47485	42.482
29	1.5005	43.071
29	1.52615	43.454
29	1.5518	44.323
29	1.57745	46.016
29	1.6031	47.436
29	1.62875	50.148
29	1.6544	53.433
29	1.68005	56.923
29	1.7057	60.57
29	1.73135	64.82
29	1.757	68.771
29	1.78265	74.842
29	1.8083	80.508
29	1.83395	86.617
29	1.8596	93.567
29	1.88525	99.999
29	1.9109	107.482
29	1.93655	115.32
29	1.9622	121.349
29	1.98785	127.854
29	2.0135	135.346
29	2.03915	139.263
29	2.0648	145.332
29	2.09045	148.227
29	2.1161	150.971
29	2.14174	154.423
29	2.16739	154.571
29	2.19304	155.416
29	2.21869	154.671
29	2.24434	154.254
29	2.26999	153.252
29	2.29564	152.62
29	2.32129	152.26
29	2.34694	151.238
29	2.37259	151.154
29	2.39824	151.814
29	2.42389	151.868
29	2.44954	152.276
29	2.47519	155.252
29	2.50084	156.432
29	2.52649	157.52
29	2.55214	161.256
30	0.0128248	0
30	0.0384745	0
30	0.0641241	0
30	0.0897737	0
30	0.115423	0
30	0.141073	0
30	0.166723	0
30	0.192372	0
30	0.218022	0
30	0.243672	0
30	0.269321	0
30	0.294971	0
30	0.32062	0
30	0.34627	0
30	0.37192	0
30	0.397569	0
30	0.423219	0
30	0.448869	0
30	0.474518	0
30	0.500168	0
30	0.525818	0
30	0.551467	0
30	0.577117	0
30	0.602767	0
30	0.628416	0
30	0.654066	0
30	0.679715	0
30	0.705365	0
30	0.731015	0
30	0.756664	0
30	0.782314	0
30	0.807964	0
30	0.833613	0
30	0.859263	0
30	0.884913	0.021
30	0.910562	0.557
30	0.936212	4.026
30	0.961861	14.154
30	0.987511	32.389
30	1.01316	53.317
30	1.03881	70.471
30	1.06446	80.094
30	1.09011	84.67
30	1.11576	83.226
30	1.14141	79.827
30	1.16706	74.48
30	1.19271	70.784
30	1.21836	64.617
30	1.24401	60.127
30	1.26966	56.531
30	1.29531	52.974
30	1.32096	50.287
30	1.34661	48.119
30	1.37226	45.619
30	1.39791	44.5
30	1.42355	43.147
30	1.4492	42.666
30	1.47485	42.774
30	1.5005	43.017
30	1.52615	43.275
30	1.5518	43.94
30	1.57745	46.075
30	1.6031	47.976
30	1.62875	50.032
30	1.6544	52.964
30	1.68005	56.385
30	1.7057	60.869
30	1.73135	64.347
30	1.757	69.623
30	1.78265	75.992
30	1.8083	81.12
30	1.83395	88.149
30	1.8596	94.598
30	1.88525	101.517
30	1.9109	107.804
30	1.93655	114.828
30	1.9622	122.227
30	1.98785	128.174
30	2.0135	134.202
30	2.03915	139.88
30	2.0648	144.976
30	2.09045	148.894
30	2.1161	151.651
30	2.14174	152.9
30	2.16739	154.737
30	2.19304	154.658
30	2.21869	154.707
30	2.24434	154.782
30	2.26999	153.574
30	2.29564	152.615
30	2.32129	151.437
30	2.34694	149.632
30	2.37259	150.493
30	2.39824	151.87
30	2.42389	151.427
30	2.44954	152.877
30	2.47519	153.471
30	2.50084	155.335
30	2.52649	155.623
30	2.55214	158.984
31	0.0128248	0
31	0.0384745	0
31	0.0641241	0
31	0.0897737	0
31	0.115423	0
31	0.141073	0
31	0.166723	0
31	0.192372	0
31	0.218022	0
31	0.243672	0
31	0.269321	0
31	0.294971	0
31	0.32062	0
31	0.34627	0
31	0.37192	0
31	0.397569	0
31	0.423219	0
31	0.448869	0
31	0.474518	0
31	0.500168	0
31	0.525818	0
31	0.551467	0
31	0.577117	0
31	0.602767	0
31	0.628416	0
31	0.654066	0
31	0.679715	0
31	0.705365	0
31	0.731015	0
31	0.756664	0
31	0.782314	0
31	0.807964	0
31	0.833613	0
31	0.859263	0
31	0.884913	0.022
31	0.910562	0.579
31	0.936212	4.142
31	0.961861	14.938
31	0.987511	33.049
31	1.01316	53.91
31	1.03881	70.146
31	1.06446	79.417
31	1.09011	85.109
31	1.11576	83.76
31	1.14141	79.747
31	1.16706	74.468
31	1.19271	69.364
31	1.21836	64.23
31	1.24401	60.281
31	1.26966	55.617
31	1.29531	52.138
31	1.32096	49.584
31	1.34661	46.625
31	1.37226	44.598
31	1.39791	44.387
31	1.42355	42.816
31	1.4492	42.949
31	1.47485	42.743
31	1.5005	43.151
31	1.52615	43.936
31	1.5518	44.885
31	1.57745	46.175
31	1.6031	48.637
31	1.62875	50.955
31	1.6544	54.319
31	1.68005	57.068
31	1.7057	61.042
31	1.73135	65.092
31	1.757	70.898
31	1.78265	76.096
31	1.8083	81.617
31	1.83395	88.951
31	1.8596	95.05
31	1.88525	101.039
31	1.9109	109.481
31	1.93655	115.974
31	1.9622	122.767
31	1.98785	128.372
31	2.0135	135.215
31	2.03915	139.599
31	2.0648	143.558
31	2.09045	147.327
31	2.1161	149.997
31	2.14174	151.283
31	2.16739	152.619
31	2.19304	152.538
31	2.21869	152.061
31	2.24434	152.055
31	2.26999	151.573
31	2.29564	151.825
31	2.32129	149.925
31	2.34694	151.226
31	2.37259	150.619
31	2.39824	151.01
31	2.42389	151.133
31	2.44954	152.399
31	2.47519	153.68
31	2.50084	155.611
31	2.52649	156.443
31	2.55214	161.411
32	0.0128248	0
32	0.0384745	0
32	0.0641241	0
32	0.0897737	0
32	0.115423	0
32	0.141073	0
32	0.166723	0
32	0.192372	0
32	0.218022	0
32	0.243672	0
32	0.269321	0
32	0.294971	0
32	0.32062	0
32	0.34627	0
32	0.37192	0
32	0.397569	0
32	0.423219	0
32	0.448869	0
32	0.474518	0
32	0.500168	0
32	0.525818	0
32	0.551467	0
32	0.577117	0
32	0.602767	0
32	0.628416	0
32	0.654066	0
32	0.679715	0
32	0.705365	0
32	0.731015	0
32	0.756664	0
32	0.782314	0
32	0.807964	0
32	0.833613	0
32	0.859263	0
32	0.884913	0.025
32	0.910562	0.576
32	0.936212	4.097
32	0.961861	14.612
32	0.987511	32.638
32	1.01316	53.948
32	1.03881	71.134
32	1.06446	80.725
32	1.09011	84.708
32	1.11576	83.572
32	1.14141	79.651
32	1.16706	74.907
32	1.19271	69.302
32	1.21836	63.652
32	1.24401	59.088
32	1.26966	55.637
32	1.29531	52.874
32	1.32096	49.362
32	1.34661	47.471
32	1.37226	45.742
32	1.39791	43.925
32	1.42355	43.934
32	1.4492	42.631
32	1.47485	42.794
32	1.5005	43.031
32	1.52615	43.981
32	1.5518	44.823
32	1.57745	46.378
32	1.6031	47.267
32	1.62875	50.469
32	1.6544	53.667
32	1.68005	56.188
32	1.7057	60.834
32	1.73135	65.615
32	1.757	69.79
32	1.78265	75.777
32	1.8083	81.902
32	1.83395	88.464
32	1.8596	94.743
32	1.88525	100.484
32	1.9109	108.369
32	1.93655	114.988
32	1.9622	122.579
32	1.98785	128.65
32	2.0135	134.486
32	2.03915	140.283
32	2.0648	145.884
32	2.09045	148.197
32	2.1161	152.102
32	2.14174	154.181
32	2.16739	153.492
32	2.19304	154.147
32	2.21869	153.752
32	2.24434	152.609
32	2.26999	152.289
32	2.29564	149.744
32	2.32129	150.633
32	2.34694	149.34
32	2.37259	149.339
32	2.39824	150.655
32	2.42389	150.777
32	2.44954	152.132
32	2.47519	154.291
32	2.50084	155.37
32	2.52649	155.949
32	2.55214	160.153
33	0.0128248	0
33	0.0384745	0
33	0.0641241	0
33	0.0897737	0
33	0.115423	0
33	0.141073	0
33	0.166723	0
33	0.192372	0
33	0.218022	0
33	0.243672	0
33	0.269321	0
33	0.294971	0
33	0.32062	0
33	0.34627	0
33	0.37192	0
33	0.397569	0
33	0.423219	0
33	0.448869	0
33	0.474518	0
33	0.500168	0
33	0.525818	0
33	0.551467	0
33	0.577117	0
33	0.602767	0
33	0.628416	0
33	0.654066	0
33	0.679715	0
33	0.705365	0
33	0.731015	0
33	0.756664	0
33	0.782314	0
33	0.807964	0
33	0.833613	0
33	0.859263	0
33	0.884913	0.041
33	0.910562	0.585
33	0.936212	4.071
33	0.961861	14.701
33	0.987511	32.56
33	1.01316	53.104
33	1.03881	69.759
33	1.06446	80.19
33	1.09011	84.687
33	1.11576	84.088
33	1.14141	79.939
33	1.16706	75.271
33	1.19271	69.419
33	1.21836	65.099
33	1.24401	59.423
33	1.26966	56.073
33	1.29531	53.076
33	1.32096	49.46
33	1.34661	47.617
33	1.37226	45.568
33	1.39791	44.358
33	1.42355	44.152
33	1.4492	42.634
33	1.47485	43.076
33	1.5005	43.424
33	1.52615	43.895
33	1.5518	44.208
33	1.57745	46.018
33	1.6031	48.187
33	1.62875	50.353
33	1.6544	52.695
33	1.68005	56.399
33	1.7057	60.099
33	1.73135	64.732
33	1.757	70.221
33	1.78265	75.714
33	1.8083	82.049
33	1.83395	87.214
33	1.8596	94.303
33	1.88525	101.668
33	1.9109	107.247
33	1.93655	114.693
33	1.9622	121.439
33	1.98785	128.824
33	2.0135	134.596
33	2.03915	139.956
33	2.0648	144.399
33	2.09045	148.671
33	2.1161	151.396
33	2.14174	152.778
33	2.16739	152.739
33	2.19304	153.607
33	2.21869	153.534
33	2.24434	153.996
33	2.26999	152.546
33	2.29564	153.165
33	2.32129	151.752
33	2.34694	152.047
33	2.37259	151.827
33	2.39824	151.382
33	2.42389	152.066
33	2.44954	154.213
33	2.47519	154.505
33	2.50084	155.233
33	2.52649	156.934
33	2.55214	160.44
34	0.0128248	0
34	0.0384745	0
34	0.0641241	0
34	0.0897737	0
34	0.115423	0
34	0.141073	0
34	0.166723	0
34	0.192372	0
34	0.218022	0
34	0.243672	0
34	0.269321	0
34	0.294971	0
34	0.32062	0
34	0.34627	0
34	0.37192	0
34	0.397569	0
34	0.423219	0
34	0.448869	0
34	0.474518	0
34	0.500168	0
34	0.525818	0
34	0.551467	0
34	0.577117	0
34	0.602767	0
34	0.628416	0
34	0.654066	0
34	0.679715	0
34	0.705365	0
34	0.731015	0
34	0.756664	0
34	0.782314	0
34	0.807964	0
34	0.833613	0
34	0.859263	0
34	0.884913	0.031
34	0.910562	0.522
34	0.936212	4.036
34	0.961861	14.64
34	0.987511	32.383
34	1.01316	53.175
34	1.03881	70.256
34	1.06446	80.358
34	1.09011	85.576
34	1.11576	83.223
34	1.14141	79.633
34	1.16706	75.055
34	1.19271	68.772
34	1.21836	64.06
34	1.24401	59.108
34	1.26966	56.063
34	1.29531	52.145
34	1.32096	50.14
34	1.34661	47.499
34	1.37226	45.999
34	1.39791	44.723
34	1.42355	43.437
34	1.4492	43.845
34	1.47485	43.745
34	1.5005	43.335
34	1.52615	43.784
34	1.5518	45.297
34	1.57745	46.774
34	1.6031	48.568
34	1.62875	51.298
34	1.6544	53.799
34	1.68005	57.267
34	1.7057	60.525
34	1.73135	65.992
34	1.757	70.455
34	1.78265	75.63
34	1.8083	81.874
34	1.83395	87.088
34	1.8596	94.354
34	1.88525	100.832
34	1.9109	107.06
34	1.93655	113.527
34	1.9622	119.927
34	1.98785	127.568
34	2.0135	133.416
34	2.03915	139.076
34	2.0648	144.141
34	2.09045	148.374
34	2.1161	151.079
34	2.14174	150.867
34	2.16739	153.148
34	2.19304	152.922
34	2.21869	154.292
34	2.24434	153.887
34	2.26999	152.089
34	2.29564	151.518
34	2.32129	151.944
34	2.34694	151.829
34	2.37259	151.556
34	2.39824	152.42
34	2.42389	152.428
34	2.44954	155.67
34	2.47519	156.061
34	2.50084	156.456
34	2.52649	158.913
34	2.55214	161.052
35	0.0128248	0
35	0.0384745	0
35	0.0641241	0
35	0.0897737	0
35	0.115423	0
35	0.141073	0
35	0.166723	0
35	0.192372	0
35	0.218022	0
35	0.243672	0
35	0.269321	0
35	0.294971	0
35	0.32062	0
35	0.34627	0
35	0.37192	0
35	0.397569	0
35	0.423219	0
35	0.448869	0
35	0.474518	0
35	0.500168	0
35	0.525818	0
35	0.551467	0
35	0.577117	0
35	0.602767	0
35	0.628416	0
35	0.654066	0
35	0.679715	0
35	0.705365	0
35	0.731015	0
35	0.756664	0
35	0.782314	0
35	0.807964	0
35	0.833613	0
35	0.859263	0
35	0.884913	0.028
35	0.910562	0.54
35	0.936212	4.048
35	0.961861	14.732
35	0.987511	32.785
35	1.01316	53.775
35	1.03881	70.685
35	1.06446	80.449
35	1.09011	84.899
35	1.11576	83.918
35	1.14141	79.634
35	1.16706	74.813
35	1.19271	68.961
35	1.21836	63.318
35	1.24401	58.85
35	1.26966	55.553
35	1.29531	51.762
35	1.32096	48.739
35	1.34661	46.561
35	1.37226	45.033
35	1.39791	44.023
35	1.42355	43.629
35	1.4492	43.226
35	1.47485	43.585
35	1.5005	43.587
35	1.52615	45.016
35	1.5518	45.4
35	1.57745	47.516
35	1.6031	48.708
35	1.62875	51.207
35	1.6544	53.803
35	1.68005	57.654
35	1.7057	60.988
35	1.73135	65.566
35	1.757	70.629
35	1.78265	75.125
35	1.8083	80.942
35	1.83395	87.782
35	1.8596	94.13
35	1.88525	101.222
35	1.9109	108.203
35	1.93655	115.647
35	1.9622	121.162
35	1.98785	127.914
35	2.0135	134.485
35	2.03915	139.559
35	2.0648	144.105
35	2.09045	148.369
35	2.1161	150.213
35	2.14174	152.286
35	2.16739	153.785
35	2.19304	153.161
35	2.21869	152.913
35	2.24434	152.583
35	2.26999	150.989
35	2.29564	151.454
35	2.32129	150.536
35	2.34694	149.875
35	2.37259	151.042
35	2.39824	151.116
35	2.42389	151.89
35	2.44954	153.451
35	2.47519	155.388
35	2.50084	157.041
35	2.52649	158.875
35	2.55214	162.319
36	0.0128248	0
36	0.0384745	0
36	0.0641241	0
36	0.0897737	0
36	0.115423	0
36	0.141073	0
36	0.166723	0
36	0.192372	0
36	0.218022	0
36	0.243672	0
36	0.269321	0
36	0.294971	0
36	0.32062	0
36	0.34627	0
36	0.37192	0
36	0.397569	0
36	0.423219	0
36	0.448869	0
36	0.474518	0
36	0.500168	0
36	0.525818	0
36	0.551467	0
36	0.577117	0
36	0.602767	0
36	0.628416	0
36	0.654066	0
36	0.679715	0
36	0.705365	0
36	0.731015	0
36	0.756664	0
36	0.782314	0
36	0.807964	0
36	0.833613	0
36	0.859263	0
36	0.884913	0.018
36	0.910562	0.568
36	0.936212	4.092
36	0.961861	14.157
36	0.987511	31.927
36	1.01316	53.291
36	1.03881	70.26
36	1.06446	81.006
36	1.09011	85.459
36	1.11576	84.335
36	1.14141	80.48
36	1.16706	74.363
36	1.19271	70.307
36	1.21836	64.87
36	1.24401	60.172
36	1.26966	56.121
36	1.29531	52.404
36	1.32096	49.732
36	1.34661	47.536
36	1.37226	45
36	1.39791	44.013
36	1.42355	42.971
36	1.4492	42.675
36	1.47485	42.307
36	1.5005	42.391
36	1.52615	43.138
36	1.5518	44.101
36	1.57745	46.146
36	1.6031	47.413
36	1.62875	50.394
36	1.6544	53.202
36	1.68005	56.419
36	1.7057	60.491
36	1.73135	65.038
36	1.757	70.233
36	1.78265	75.308
36	1.8083	82.302
36	1.83395	88.733
36	1.8596	95.092
36	1.88525	101.767
36	1.9109	107.981
36	1.93655	115.944
36	1.9622	122.487
36	1.98785	129.304
36	2.0135	135.18
36	2.03915	140.978
36	2.0648	145.293
36	2.09045	149.462
36	2.1161	151.383
36	2.14174	153.09
36	2.16739	155.007
36	2.19304	153.098
36	2.21869	153.944
36	2.24434	152.21
36	2.26999	151.144
36	2.29564	150.618
36	2.32129	149.81
36	2.34694	149.365
36	2.37259	150.345
36	2.39824	149.805
36	2.42389	150.945
36	2.44954	151.785
36	2.47519	154.015
36	2.50084	154.209
36	2.52649	156.987
36	2.55214	158.727
37	0.0128248	0
37	0.0384745	0
37	0.0641241	0
37	0.0897737	0
37	0.115423	0
37	0.141073	0
37	0.166723	0
37	0.192372	0
37	0.218022	0
37	0.243672	0
37	0.269321	0
37	0.294971	0
37	0.32062	0
37	0.34627	0
37	0.37192	0
37	0.397569	0
37	0.423219	0
37	0.448869	0
37	0.474518	0
37	0.500168	0
37	0.525818	0
37	0.551467	0
37	0.577117	0
37	0.602767	0
37	0.628416	0
37	0.654066	0
37	0.679715	0
37	0.705365	0
37	0.731015	0
37	0.756664	0
37	0.782314	0
37	0.807964	0
37	0.833613	0
37	0.859263	0
37	0.884913	0.026
37	0.910562	0.609
37	0.936212	4.131
37	0.961861	14.713
37	0.987511	32.861
37	1.01316	53.395
37	1.03881	69.598
37	1.06446	79.784
37	1.09011	84.837
37	1.11576	82.435
37	1.14141	78.987
37	1.16706	74.38
37	1.19271	68.178
37	1.21836	64.566
37	1.24401	60.624
37	1.26966	56.697
37	1.29531	53.336
37	1.32096	50.035
37	1.34661	48.049
37	1.37226	47.051
37	1.39791	44.976
37	1.42355	44.438
37	1.4492	43.32
37	1.47485	43.136
37	1.5005	43.57
37	1.52615	44.175
37	1.5518	45
37	1.57745	46.533
37	1.6031	47.939
37	1.62875	50.154
37	1.6544	52.54
37	1.68005	56.384
37	1.7057	59.474
37	1.73135	65.07
37	1.757	69.534
37	1.78265	75.353
37	1.8083	81.948
37	1.83395	87.692
37	1.8596	94.871
37	1.88525	100.928
37	1.9109	107.275
37	1.93655	113.969
37	1.9622	120.826
37	1.98785	126.981
37	2.0135	134.429
37	2.03915	139.421
37	2.0648	143.932
37	2.09045	148.425
37	2.1161	151.471
37	2.14174	151.995
37	2.16739	152.969
37	2.19304	153.494
37	2.21869	154.631
37	2.24434	154.363
37	2.26999	153.018
37	2.29564	152.86
37	2.32129	153.249
37	2.34694	151.633
37	2.37259	151.428
37	2.39824	152.336
37	2.42389	152.654
37	2.44954	155.103
37	2.47519	154.545
37	2.50084	156.745
37	2.52649	157.797
37	2.55214	160.339
38	0.0128248	0
38	0.0384745	0
38	0.0641241	0
38	0.0897737	0
38	0.115423	0
38	0.141073	0
38	0.166723	0
38	0.192372	0
38	0.218022	0
38	0.243672	0
38	0.269321	0
38	0.294971	0
38	0.32062	0
38	0.34627	0
38	0.37192	0
38	0.397569	0
38	0.423219	0
38	0.448869	0
38	0.474518	0
38	0.500168	0
38	0.525818	0
38	0.551467	0
38	0.577117	0
38	0.602767	0
38	0.628416	0
38	0.654066	0
38	0.679715	0
38	0.705365	0
38	0.731015	0
38	0.756664	0
38	0.782314	0
38	0.807964	0
38	0.833613	0
38	0.859263	0
38	0.884913	0.026
38	0.910562	0.566
38	0.936212	4.144
38	0.961861	14.766
38	0.987511	33.066
38	1.01316	52.958
38	1.03881	69.594
38	1.06446	80.466
38	1.09011	84.091
38	1.11576	83.026
38	1.14141	79.541
38	1.16706	74.741
38	1.19271	68.967
38	1.21836	64.302
38	1.24401	60.141
38	1.26966	56.086
38	1.29531	53.073
38	1.32096	49.708
38	1.34661	48.172
38	1.37226	45.639
38	1.39791	44.739
38	1.42355	44.326
38	1.4492	43.455
38	1.47485	43.279
38	1.5005	43.428
38	1.52615	43.494
38	1.5518	45.044
38	1.57745	46.206
38	1.6031	48.465
38	1.62875	50.256
38	1.6544	53.549
38	1.68005	57.203
38	1.7057	61.038
38	1.73135	65.425
38	1.757	70.221
38	1.78265	76.084
38	1.8083	82.247
38	1.83395	87.995
38	1.8596	94.028
38	1.88525	101.113
38	1.9109	107.61
38	1.93655	114.993
38	1.9622	120.553
38	1.98785	126.848
38	2.0135	133.64
38	2.03915	138.254
38	2.0648	142.003
38	2.09045	145.652
38	2.1161	149.561
38	2.14174	152.175
38	2.16739	152.755
38	2.19304	154.375
38	2.21869	153.225
38	2.24434	154.261
38	2.26999	153.718
38	2.29564	153.501
38	2.32129	152.573
38	2.34694	152.848
38	2.37259	152.949
38	2.39824	152.269
38	2.42389	152.928
38	2.44954	154.014
38	2.47519	155.799
38	2.50084	155.873
38	2.52649	158.275
38	2.55214	160.782
39	0.0128248	0
39	0.0384745	0
39	0.0641241	0
39	0.0897737	0
39	0.115423	0
39	0.141073	0
39	0.166723	0
39	0.192372	0
39	0.218022	0
39	0.243672	0
39	0.269321	0
39	0.294971	0
39	0.32062	0
39	0.34627	0
39	0.37192	0
39	0.397569	0
39	0.423219	0
39	0.448869	0
39	0.474518	0
39	0.500168	0
39	0.525818	0
39	0.551467	0
39	0.577117	0
39	0.602767	0
39	0.628416	0
39	0.654066	0
39	0.679715	0
39	0.705365	0
39	0.731015	0
39	0.756664	0
39	0.782314	0
39	0.807964	0
39	0.833613	0
39	0.859263	0.001
39	0.884913	0.026
39	0.910562	0.618
39	0.936212	4.092
39	0.961861	14.961
39	0.987511	32.18
39	1.01316	52.824
39	1.03881	70.064
39	1.06446	81.035
39	1.09011	83.836
39	1.11576	83.97
39	1.14141	79.536
39	1.16706	74.727
39	1.19271	69.717
39	1.21836	63.833
39	1.24401	59.486
39	1.26966	56.173
39	1.29531	53.132
39	1.32096	49.859
39	1.34661	48.358
39	1.37226	46.636
39	1.39791	45.294
39	1.42355	44.277
39	1.4492	43.316
39	1.47485	43.457
39	1.5005	42.651
39	1.52615	43.618
39	1.5518	44.697
39	1.57745	46.07
39	1.6031	48.558
39	1.62875	50.139
39	1.6544	53.063
39	1.68005	56.454
39	1.7057	59.766
39	1.73135	64.004
39	1.757	69.517
39	1.78265	74.925
39	1.8083	79.807
39	1.83395	87.317
39	1.8596	94.318
39	1.88525	100.084
39	1.9109	107.616
39	1.93655	114.958
39	1.9622	121.871
39	1.98785	128.353
39	2.0135	134.57
39	2.03915	140.025
39	2.0648	144.238
39	2.09045	149.002
39	2.1161	151.494
39	2.14174	154.558
39	2.16739	154.956
39	2.19304	155.355
39	2.21869	155.516
39	2.24434	154.257
39	2.26999	154.178
39	2.29564	151.694
39	2.32129	151.866
39	2.34694	151.171
39	2.37259	151.305
39	2.39824	151.102
39	2.42389	151.886
39	2.44954	152.286
39	2.47519	153.841
39	2.50084	154.936
39	2.52649	155.855
39	2.55214	159.758
40	0.0128248	0
40	0.0384745	0
40	0.0641241	0
40	0.0897737	0
40	0.115423	0
40	0.141073	0
40	0.166723	0
40	0.192372	0
40	0.218022	0
40	0.243672	0
40	0.269321	0
40	0.294971	0
40	0.32062	0
40	0.34627	0
40	0.37192	0
40	0.397569	0
40	0.423219	0
40	0.448869	0
40	0.474518	0
40	0.500168	0
40	0.525818	0
40	0.551467	0
40	0.577117	0
40	0.602767	0
40	0.628416	0
40	0.654066	0
40	0.679715	0
40	0.705365	0
40	0.731015	0
40	0.756664	0
40	0.782314	0
40	0.807964	0
40	0.833613	0
40	0.859263	0
40	0.884913	0.02
40	0.910562	0.546
40	0.936212	3.939
40	0.961861	14.112
40	0.987511	32.049
40	1.01316	52.767
40	1.03881	70.074
40	1.06446	79.652
40	1.09011	84.684
40	1.11576	82.952
40	1.14141	80.79
40	1.16706	74.343
40	1.19271	69.505
40	1.21836	65.665
40	1.24401	60.776
40	1.26966	56.861
40	1.29531	53.017
40	1.32096	50.128
40	1.34661	47.285
40	1.37226	45.875
40	1.39791	44.525
40	1.42355	44.029
40	1.4492	43.459
40	1.47485	42.811
40	1.5005	43.564
40	1.52615	43.445
40	1.5518	45.338
40	1.57745	46.623
40	1.6031	48.658
40	1.62875	50.167
40	1.6544	53.438
40	1.68005	56.219
40	1.7057	60.451
40	1.73135	65.223
40	1.757	70.379
40	1.78265	75.182
40	1.8083	80.775
40	1.83395	86.779
40	1.8596	93.312
40	1.88525	98.799
40	1.9109	106.885
40	1.93655	112.861
40	1.9622	120.028
40	1.98785	126.774
40	2.0135	133.447
40	2.03915	138.764
40	2.0648	143.842
40	2.09045	149.158
40	2.1161	153.21
40	2.14174	155.171
40	2.16739	155.411
40	2.19304	156.297
40	2.21869	155.886
40	2.24434	155.185
40	2.26999	153.301
40	2.29564	151.953
40	2.32129	152.881
40	2.34694	151.524
40	2.37259	152.291
40	2.39824	151.436
40	2.42389	152.885
40	2.44954	153.378
40	2.47519	153.084
40	2.50084	155.127
40	2.52649	156.793
40	2.55214	159.722
41	0.0128248	0
41	0.0384745	0
41	0.0641241	0
41	0.0897737	0
41	0.115423	0
41	0.141073	0
41	0.166723	0
41	0.192372	0
41	0.218022	0
41	0.243672	0
41	0.269321	0
41	0.294971	0
41	0.32062	0
41	0.34627	0
41	0.37192	0
41	0.397569	0
41	0.423219	0
41	0.448869	0
41	0.474518	0
41	0.500168	0
41	0.525818	0
41	0.551467	0
41	0.577117	0
41	0.602767	0
41	0.628416	0
41	0.654066	0
41	0.679715	0
41	0.705365	0
41	0.731015	0
41	0.756664	0
41	0.782314	0
41	0.807964	0
41	0.833613	0
41	0.859263	0
41	0.884913	0.031
41	0.910562	0.555
41	0.936212	3.943
41	0.961861	14.361
41	0.987511	32.662
41	1.01316	52.847
41	1.03881	70.11
41	1.06446	80.399
41	1.09011	84.155
41	1.11576	84.134
41	1.14141	79.407
41	1.16706	74.424
41	1.19271	69.482
41	1.21836	64.481
41	1.24401	60.066
41	1.26966	55.934
41	1.29531	52.281
41	1.32096	50.426
41	1.34661	47.747
41	1.37226	45.976
41	1.39791	44.862
41	1.42355	44.478
41	1.4492	43.204
41	1.47485	43.466
41	1.5005	43.729
41	1.52615	44.58
41	1.5518	45.539
41	1.57745	47.125
41	1.6031	48.18
41	1.62875	50.22
41	1.6544	53.304
41	1.68005	56.559
41	1.7057	60.944
41	1.73135	64.781
41	1.757	69.751
41	1.78265	74.906
41	1.8083	80.393
41	1.83395	87.601
41	1.8596	93.223
41	1.88525	99.343
41	1.9109	107.252
41	1.93655	114.345
41	1.9622	121.598
41	1.98785	127.565
41	2.0135	133.685
41	2.03915	138.798
41	2.0648	143.71
41	2.09045	147.244
41	2.1161	150.416
41	2.14174	152.391
41	2.16739	153.099
41	2.19304	154.337
41	2.21869	153.676
41	2.24434	153.812
41	2.26999	154.097
41	2.29564	153.586
41	2.32129	153.962
41	2.34694	152.797
41	2.37259	152.757
41	2.39824	153.491
41	2.42389	153.066
41	2.44954	154.547
41	2.47519	155.167
41	2.50084	156.586
41	2.52649	157.33
41	2.55214	160.852
42	0.0128248	0
42	0.0384745	0
42	0.0641241	0
42	0.0897737	0
42	0.115423	0
42	0.141073	0
42	0.166723	0
42	0.192372	0
42	0.218022	0
42	0.243672	0
42	0.269321	0
42	0.294971	0
42	0.32062	0
42	0.34627	0
42	0.37192	0
42	0.397569	0
42	0.423219	0
42	0.448869	0
42	0.474518	0
42	0.500168	0
42	0.525818	0
42	0.551467	0
42	0.577117	0
42	0.602767	0
42	0.628416	0
42	0.654066	0
42	0.679715	0
42	0.705365	0
42	0.731015	0
42	0.756664	0
42	0.782314	0
42	0.807964	0
42	0.833613	0
42	0.859263	0
42	0.884913	0.022
42	0.910562	0.549
42	0.936212	3.921
42	0.961861	15.093
42	0.987511	33.185
42	1.01316	53.599
42	1.03881	71.325
42	1.06446	80.657
42	1.09011	84.439
42	1.11576	83.211
42	1.14141	79.339
42	1.16706	74.151
42	1.19271	68.387
42	1.21836	63.91
42	1.24401	59.501
42	1.26966	55.148
42	1.29531	52.456
42	1.32096	49.285
42	1.34661	48.264
42	1.37226	45.221
42	1.39791	44.704
42	1.42355	43.691
42	1.4492	43.392
42	1.47485	42.985
42	1.5005	43.449
42	1.52615	44.777
42	1.5518	45.337
42	1.57745	47.269
42	1.6031	48.839
42	1.62875	50.879
42	1.6544	54.198
42	1.68005	57.495
42	1.7057	60.303
42	1.73135	65.074
42	1.757	70.537
42	1.78265	75.601
42	1.8083	81.965
42	1.83395	86.82
42	1.8596	94.024
42	1.88525	100.613
42	1.9109	106.727
42	1.93655	114.689
42	1.9622	121.115
42	1.98785	127.058
42	2.0135	133.882
42	2.03915	139.536
42	2.0648	144.67
42	2.09045	147.646
42	2.1161	149.966
42	2.14174	152.167
42	2.16739	154.245
42	2.19304	153.334
42	2.21869	154.047
42	2.24434	152.558
42	2.26999	152.645
42	2.29564	152.87
42	2.32129	152.415
42	2.34694	151.641
42	2.37259	151.905
42	2.39824	151.917
42	2.42389	150.704
42	2.44954	152.296
42	2.47519	153.732
42	2.50084	156.495
42	2.52649	158.532
42	2.55214	162.405
43	0.0128248	0
43	0.0384745	0
43	0.0641241	0
43	0.0897737	0
43	0.115423	0
43	0.141073	0
43	0.166723	0
43	0.192372	0
43	0.218022	0
43	0.243672	0
43	0.269321	0
43	0.294971	0
43	0.32062	0
43	0.34627	0
43	0.37192	0
43	0.397569	0
43	0.423219	0
43	0.448869	0
43	0.474518	0
43	0.500168	0
43	0.525818	0
43	0.551467	0
43	0.577117	0
43	0.602767	0
43	0.628416	0
43	0.654066	0
43	0.679715	0
43	0.705365	0
43	0.731015	0
43	0.756664	0
43	0.782314	0
43	0.807964	0
43	0.833613	0
43	0.859263	0
43	0.884913	0.042
43	0.910562	0.548
43	0.936212	3.991
43	0.961861	14.744
43	0.987511	32.568
43	1.01316	52.979
43	1.03881	70.718
43	1.06446	79.589
43	1.09011	85.057
43	1.11576	84.054
43	1.14141	79.818
43	1.16706	75.256
43	1.19271	69.168
43	1.21836	64.453
43	1.24401	59.274
43	1.26966	55.951
43	1.29531	52.77
43	1.32096	50.687
43	1.34661	47.658
43	1.37226	45.575
43	1.39791	45.302
43	1.42355	43.877
43	1.4492	42.58
43	1.47485	42.733
43	1.5005	42.758
43	1.52615	43.9
43	1.5518	44.189
43	1.57745	45.575
43	1.6031	48.835
43	1.62875	50.913
43	1.6544	53.349
43	1.68005	56.979
43	1.7057	60.447
43	1.73135	65.714
43	1.757	70.484
43	1.78265	75.867
43	1.8083	81.575
43	1.83395	87.748
43	1.8596	93.965
43	1.88525	100.665
43	1.9109	106.414
43	1.93655	113.523
43	1.9622	121.571
43	1.98785	128.064
43	2.0135	133.666
43	2.03915	138.041
43	2.0648	142.918
43	2.09045	146.802
43	2.1161	150.721
43	2.14174	152.401
43	2.16739	153.502
43	2.19304	153.888
43	2.21869	154.009
43	2.24434	154.026
43	2.26999	155.396
43	2.29564	153.181
43	2.32129	153.389
43	2.34694	153.479
43	2.37259	152.073
43	2.39824	152.47
43	2.42389	153.903
43	2.44954	154.405
43	2.47519	156.449
43	2.50084	156.919
43	2.52649	158.202
43	2.55214	160.936
44	0.0128248	0
44	0.0384745	0
44	0.0641241	0
44	0.0897737	0
44	0.115423	0
44	0.141073	0
44	0.166723	0
44	0.192372	0
44	0.218022	0
44	0.243672	0
44	0.269321	0
44	0.294971	0
44	0.32062	0
44	0.34627	0
44	0.37192	0
44	0.397569	0
44	0.423219	0
44	0.448869	0
44	0.474518	0
44	0.500168	0
44	0.525818	0
44	0.551467	0
44	0.577117	0
44	0.602767	0
44	0.628416	0
44	0.654066	0
44	0.679715	0
44	0.705365	0
44	0.731015	0
44	0.756664	0
44	0.782314	0
44	0.807964	0
44	0.833613	0
44	0.859263	0
44	0.884913	0.025
44	0.910562	0.553
44	0.936212	3.997
44	0.961861	14.509
44	0.987511	32.252
44	1.01316	52.369
44	1.03881	69.225
44	1.06446	80.211
44	1.09011	83.837
44	1.11576	83.423
44	1.14141	79.7
44	1.16706	75.37
44	1.19271	70.145
44	1.21836	65.326
44	1.24401	60.2
44	1.26966	56.332
44	1.29531	53.109
44	1.32096	50.28
44	1.34661	47.847
44	1.37226	46.704
44	1.39791	44.855
44	1.42355	43.566
44	1.4492	43.537
44	1.47485	43.377
44	1.5005	43.694
44	1.52615	44.535
44	1.5518	44.779
44	1.57745	46.517
44	1.6031	49.03
44	1.62875	50.891
44	1.6544	52.715
44	1.68005	56.423
44	1.7057	60.918
44	1.73135	63.985
44	1.757	69.081
44	1.78265	74.703
44	1.8083	79.713
44	1.83395	86.234
44	1.8596	92.399
44	1.88525	99.194
44	1.9109	106.477
44	1.93655	113.73
44	1.9622	119.938
44	1.98785	127.007
44	2.0135	132.788
44	2.03915	140.752
44	2.0648	145.398
44	2.09045	149.954
44	2.1161	152.709
44	2.14174	153.768
44	2.16739	154.497
44	2.19304	155.094
44	2.21869	155.123
44	2.24434	155.465
44	2.26999	153.935
44	2.29564	153.398
44	2.32129	153.729
44	2.34694	152.561
44	2.37259	152.711
44	2.39824	153.647
44	2.42389	155.518
44	2.44954	154.106
44	2.47519	155.869
44	2.50084	155.315
44	2.52649	158.072
44	2.55214	160.516
45	0.0128248	0
45	0.0384745	0
45	0.0641241	0
45	0.0897737	0
45	0.115423	0
45	0.141073	0
45	0.166723	0
45	0.192372	0
45	0.218022	0
45	0.243672	0
45	0.269321	0
45	0.294971	0
45	0.32062	0
45	0.34627	0
45	0.37192	0
45	0.397569	0
45	0.423219	0
45	0.448869	0
45	0.474518	0
45	0.500168	0
45	0.525818	0
45	0.551467	0
45	0.577117	0
45	0.602767	0
45	0.628416	0
45	0.654066	0
45	0.679715	0
45	0.705365	0
45	0.731015	0
45	0.756664	0
45	0.782314	0
45	0.807964	0
45	0.833613	0
45	0.859263	0
45	0.884913	0.022
45	0.910562	0.574
45	0.936212	4.1
45	0.961861	15.137
45	0.987511	32.762
45	1.01316	53.183
45	1.03881	70.357
45	1.06446	80.261
45	1.09011	84.038
45	1.11576	83.379
45	1.14141	79.457
45	1.16706	75.075
45	1.19271	69.822
45	1.21836	65.035
45	1.24401	59.964
45	1.26966	55.941
45	1.29531	52.609
45	1.32096	50.015
45	1.34661	47.132
45	1.37226	45.605
45	1.39791	44.531
45	1.42355	43.544
45	1.4492	42.793
45	1.47485	42.636
45	1.5005	42.771
45	1.52615	44.097
45	1.5518	44.629
45	1.57745	46.491
45	1.6031	47.729
45	1.62875	50.153
45	1.6544	54.377
45	1.68005	56.716
45	1.7057	60.974
45	1.73135	65.545
45	1.757	70.251
45	1.78265	76.094
45	1.8083	82.417
45	1.83395	88.031
45	1.8596	94.269
45	1.88525	102.258
45	1.9109	108.92
45	1.93655	115.291
45	1.9622	121.232
45	1.98785	128.593
45	2.0135	134.901
45	2.03915	139.811
45	2.0648	143.212
45	2.09045	147.87
45	2.1161	148.731
45	2.14174	151.77
45	2.16739	153.183
45	2.19304	153.487
45	2.21869	153.426
45	2.24434	152.895
45	2.26999	152.619
45	2.29564	152.22
45	2.32129	151.588
45	2.34694	150.989
45	2.37259	150.862
45	2.39824	150.825
45	2.42389	150.943
45	2.44954	153.417
45	2.47519	154.844
45	2.50084	155.39
45	2.52649	157.95
45	2.55214	160.671
46	0.0128248	0
46	0.0384745	0
46	0.0641241	0
46	0.0897737	0
46	0.115423	0
46	0.141073	0
46	0.166723	0
46	0.192372	0
46	0.218022	0
46	0.243672	0
46	0.269321	0
46	0.294971	0
46	0.32062	0
46	0.34627	0
46	0.37192	0
46	0.397569	0
46	0.423219	0
46	0.448869	0
46	0.474518	0
46	0.500168	0
46	0.525818	0
46	0.551467	0
46	0.577117	0
46	0.602767	0
46	0.628416	0
46	0.654066	0
46	0.679715	0
46	0.705365	0
46	0.731015	0
46	0.756664	0
46	0.782314	0
46	0.807964	0
46	0.833613	0
46	0.859263	0.001
46	0.884913	0.031
46	0.910562	0.546
46	0.936212	4.007
46	0.961861	14.676
46	0.987511	32.443
46	1.01316	53.554
46	1.03881	70.997
46	1.06446	81.314
46	1.09011	85.159
46	1.11576	83.597
46	1.14141	80.416
46	1.16706	73.894
46	1.19271	68.806
46	1.21836	63.557
46	1.24401	59.322
46	1.26966	55.762
46	1.29531	52.488
46	1.32096	49.871
46	1.34661	47.312
46	1.37226	45.438
46	1.39791	44.301
46	1.42355	43.981
46	1.4492	43.925
46	1.47485	43.308
46	1.5005	43.472
46	1.52615	44.025
46	1.5518	44.668
46	1.57745	46.426
46	1.6031	48.205
46	1.62875	50.909
46	1.6544	53.409
46	1.68005	57.11
46	1.7057	61.835
46	1.73135	65.292
46	1.757	70.106
46	1.78265	76.536
46	1.8083	81.392
46	1.83395	87.112
46	1.8596	93.871
46	1.88525	100.722
46	1.9109	107.487
46	1.93655	114.782
46	1.9622	121.364
46	1.98785	128.316
46	2.0135	134.548
46	2.03915	139.44
46	2.0648	144.636
46	2.09045	147.586
46	2.1161	150.874
46	2.14174	152.389
46	2.16739	153.768
46	2.19304	153.406
46	2.21869	153.969
46	2.24434	154.263
46	2.26999	152.947
46	2.29564	151.358
46	2.32129	151.187
46	2.34694	150.213
46	2.37259	150.446
46	2.39824	151.445
46	2.42389	151.015
46	2.44954	153.482
46	2.47519	155.966
46	2.50084	156.453
46	2.52649	157.097
46	2.55214	161.033
47	0.0128248	0
47	0.0384745	0
47	0.0641241	0
47	0.0897737	0
47	0.115423	0
47	0.141073	0
47	0.166723	0
47	0.192372	0
47	0.218022	0
47	0.243672	0
47	0.269321	0
47	0.294971	0
47	0.32062	0
47	0.34627	0
47	0.37192	0
47	0.397569	0
47	0.423219	0
47	0.448869	0
47	0.474518	0
47	0.500168	0
47	0.525818	0
47	0.551467	0
47	0.577117	0
47	0.602767	0
47	0.628416	0
47	0.654066	0
47	0.679715	0
47	0.705365	0
47	0.731015	0
47	0.756664	0
47	0.782314	0
47	0.807964	0
47	0.833613	0
47	0.859263	0
47	0.884913	0.037
47	0.910562	0.605
47	0.936212	4.396
47	0.961861	15.458
47	0.987511	33.53
47	1.01316	54.499
47	1.03881	70.616
47	1.06446	80.863
47	1.09011	83.751
47	1.11576	84.152
47	1.14141	78.767
47	1.16706	74.461
47	1.19271	68.684
47	1.21836	63.131
47	1.24401	58.889
47	1.26966	55.313
47	1.29531	52.243
47	1.32096	48.795
47	1.34661	47.22
47	1.37226	45.683
47	1.39791	44.221
47	1.42355	43.575
47	1.4492	43.375
47	1.47485	43.34
47	1.5005	43.1
47	1.52615	44.299
47	1.5518	45.14
47	1.57745	46.461
47	1.6031	48.724
47	1.62875	51.354
47	1.6544	53.911
47	1.68005	57.645
47	1.7057	61.97
47	1.73135	65.642
47	1.757	71.545
47	1.78265	76.574
47	1.8083	82.394
47	1.83395	88.076
47	1.8596	94.771
47	1.88525	101.362
47	1.9109	108.149
47	1.93655	114.781
47	1.9622	121.14
47	1.98785	127.149
47	2.0135	132.457
47	2.03915	137.263
47	2.0648	142.748
47	2.09045	146.424
47	2.1161	149.819
47	2.14174	152.501
47	2.16739	153.507
47	2.19304	152.982
47	2.21869	153.352
47	2.24434	152.593
47	2.26999	152.435
47	2.29564	152.363
47	2.32129	151.286
47	2.34694	150.768
47	2.37259	151.815
47	2.39824	151.956
47	2.42389	152.345
47	2.44954	153.063
47	2.47519	155.244
47	2.50084	158.332
47	2.52649	158.799
47	2.55214	161.978
48	0.0128248	0
48	0.0384745	0
48	0.0641241	0
48	0.0897737	0
48	0.115423	0
48	0.141073	0
48	0.166723	0
48	0.192372	0
48	0.218022	0
48	0.243672	0
48	0.269321	0
48	0.294971	0
48	0.32062	0
48	0.34627	0
48	0.37192	0
48	0.397569	0
48	0.423219	0
48	0.448869	0
48	0.474518	0
48	0.500168	0
48	0.525818	0
48	0.551467	0
48	0.577117	0
48	0.602767	0
48	0.628416	0
48	0.654066	0
48	0.679715	0
48	0.705365	0
48	0.731015	0
48	0.756664	0
48	0.782314	0
48	0.807964	0
48	0.833613	0
48	0.859263	0
48	0.884913	0.03
48	0.910562	0.489
48	0.936212	3.912
48	0.961861	14.048
48	0.987511	32.185
48	1.01316	53.056
48	1.03881	70.548
48	1.06446	80.483
48	1.09011	84.42
48	1.11576	82.531
48	1.14141	80.163
48	1.16706	75.146
48	1.19271	69.235
48	1.21836	64.804
48	1.24401	60.125
48	1.26966	56.082
48	1.29531	52.558
48	1.32096	50.106
48	1.34661	47.944
48	1.37226	46.55
48	1.39791	44.823
48	1.42355	44.377
48	1.4492	43.625
48	1.47485	42.974
48	1.5005	43.657
48	1.52615	43.56
48	1.5518	44.525
48	1.57745	46.213
48	1.6031	48.379
48	1.62875	50.421
48	1.6544	53.087
48	1.68005	56.683
48	1.7057	60.638
48	1.73135	64.967
48	1.757	69.89
48	1.78265	75.78
48	1.8083	81.771
48	1.83395	87.274
48	1.8596	93.836
48	1.88525	100.157
48	1.9109	106.92
48	1.93655	114.509
48	1.9622	120.906
48	1.98785	127.676
48	2.0135	134.331
48	2.03915	139.668
48	2.0648	143.459
48	2.09045	147.028
48	2.1161	150.47
48	2.14174	153.467
48	2.16739	152.947
48	2.19304	153.72
48	2.21869	155.353
48	2.24434	153.906
48	2.26999	152.033
48	2.29564	153.961
48	2.32129	152.216
48	2.34694	152.008
48	2.37259	151.848
48	2.39824	152.524
48	2.42389	152.105
48	2.44954	154.179
48	2.47519	154.229
48	2.50084	155.635
48	2.52649	157.211
48	2.55214	160.416
49	0.0128248	0
49	0.0384745	0
49	0.0641241	0
49	0.0897737	0
49	0.115423	0
49	0.141073	0
49	0.166723	0
49	0.192372	0
49	0.218022	0
49	0.243672	0
49	0.269321	0
49	0.294971	0
49	0.32062	0
49	0.34627	0
49	0.37192	0
49	0.397569	0
49	0.423219	0
49	0.448869	0
49	0.474518	0
49	0.500168	0
49	0.525818	0
49	0.551467	0
49	0.577117	0
49	0.602767	0
49	0.628416	0
49	0.654066	0
49	0.679715	0
49	0.705365	0
49	0.731015	0
49	0.756664	0
49	0.782314	0
49	0.807964	0
49	0.833613	0
49	0.859263	0
49	0.884913	0.014
49	0.910562	0.572
49	0.936212	3.993
49	0.961861	14.41
49	0.987511	32.387
49	1.01316	52.621
49	1.03881	71.053
49	1.06446	79.468
49	1.09011	84.452
49	1.11576	83.613
49	1.14141	79.973
49	1.16706	75.331
49	1.19271	69.53
49	1.21836	65.105
49	1.24401	59.996
49	1.26966	55.773
49	1.29531	52.481
49	1.32096	49.729
49	1.34661	47.691
49	1.37226	45.947
49	1.39791	44.624
49	1.42355	43.815
49	1.4492	43.065
49	1.47485	43.113
49	1.5005	43.072
49	1.52615	44.125
49	1.5518	45.054
49	1.57745	46.372
49	1.6031	47.952
49	1.62875	50.405
49	1.6544	53.193
49	1.68005	56.478
49	1.7057	60.233
49	1.73135	64.456
49	1.757	69.524
49	1.78265	75.807
49	1.8083	81.493
49	1.83395	88.242
49	1.8596	93.839
49	1.88525	101.011
49	1.9109	107.802
49	1.93655	114.729
49	1.9622	121.43
49	1.98785	128.787
49	2.0135	134.555
49	2.03915	139.797
49	2.0648	143.628
49	2.09045	147.944
49	2.1161	151.244
49	2.14174	152.554
49	2.16739	153.448
49	2.19304	154.056
49	2.21869	153.674
49	2.24434	153.13
49	2.26999	153.306
49	2.29564	152.173
49	2.32129	151.74
49	2.34694	152.175
49	2.37259	153.324
49	2.39824	152.327
49	2.42389	151.889
49	2.44954	153.034
49	2.47519	155.584
49	2.50084	155.734
49	2.52649	156.691
49	2.55214	159.684
50	0.0128248	0
50	0.0384745	0
50	0.0641241	0
50	0.0897737	0
50	0.115423	0
50	0.141073	0
50	0.166723	0
50	0.192372	0
50	0.218022	0
50	0.243672	0
50	0.269321	0
50	0.294971	0
50	0.32062	0
50	0.34627	0
50	0.37192	0
50	0.397569	0
50	0.423219	0
50	0.448869	0
50	0.474518	0
50	0.500168	0
50	0.525818	0
50	0.551467	0
50	0.577117	0
50	0.602767	0
50	0.628416	0
50	0.654066	0
50	0.679715	0
50	0.705365	0
50	0.731015	0
50	0.756664	0
50	0.782314	0
50	0.807964	0
50	0.833613	0
50	0.859263	0.003
50	0.884913	0.035
50	0.910562	0.597
50	0.936212	3.929
50	0.961861	14.268
50	0.987511	32.039
50	1.01316	53.057
50	1.03881	70.036
50	1.06446	80.898
50	1.09011	85.263
50	1.11576	84.525
50	1.14141	80.463
50	1.16706	75.31
50	1.19271	70.083
50	1.21836	65.274
50	1.24401	59.544
50	1.26966	54.999
50	1.29531	52.592
50	1.32096	49.229
50	1.34661	47.777
50	1.37226	45.782
50	1.39791	43.868
50	1.42355	43.016
50	1.4492	43.085
50	1.47485	42.554
50	1.5005	42.945
50	1.52615	43.262
50	1.5518	44.541
50	1.57745	45.246
50	1.6031	48.178
50	1.62875	50.059
50	1.6544	52.301
50	1.68005	56.684
50	1.7057	60.128
50	1.73135	65.431
50	1.757	70.503
50	1.78265	76.062
50	1.8083	82.54
50	1.83395	87.296
50	1.8596	95.532
50	1.88525	101.812
50	1.9109	109.152
50	1.93655	114.711
50	1.9622	121.368
50	1.98785	127.474
50	2.0135	134.957
50	2.03915	139.841
50	2.0648	143.9
50	2.09045	148.273
50	2.1161	152.074
50	2.14174	152.171
50	2.16739	154.254
50	2.19304	154.508
50	2.21869	154.513
50	2.24434	153.293
50	2.26999	151.293
50	2.29564	151.901
50	2.32129	150.947
50	2.34694	151.036
50	2.37259	150.364
50	2.39824	151.406
50	2.42389	150.016
50	2.44954	152.022
50	2.47519	155.123
50	2.50084	154.985
50	2.52649	156.471
50	2.55214	159.75
