0	36.712
1	33.8351
2	34.4607
3	33.8221
4	33.2463
5	31.3615
6	29.7265
7	24.1579
8	24.1579
9	24.1579
10	23.2372
11	24.4609
12	23.2372
13	23.2372
14	23.4032
15	23.2372
16	23.729
17	23.5804
18	23.2372
19	23.5208
20	23.5208
21	24.4126
22	23.7208
23	21.9511
24	21.5635
25	21.5635
26	21.5635
27	19.3464
28	19.3464
29	19.3464
30	19.414
31	19.3464
32	21.0464
33	19.3464
34	20.0126
35	20.9224
36	20.9224
37	19.3464
38	19.1822
39	19.1822
40	19.1822
41	17.7167
42	17.7167
43	17.7167
44	17.7167
45	17.9566
46	17.9566
47	17.9566
48	14.745
49	14.745
50	14.745
51	14.745
52	14.745
53	14.745
54	14.745
55	14.9517
56	15.4107
57	15.4107
58	14.4811
59	14.4811
60	14.4811
61	14.4811
62	14.0953
63	13.215
64	13.0632
65	12.4063
66	13.0632
67	12.4063
68	12.4063
69	12.4063
70	12.4063
71	12.4063
72	12.9377
73	12.4063
74	11.7691
75	11.7691
76	11.8957
77	11.6564
78	12.0341
79	11.8957
80	11.3969
81	11.3969
82	12.0341
83	12.0341
84	11.3969
85	11.7073
86	11.3969
87	11.3969
88	11.2178
89	11.855
90	12.0053
91	11.2178
92	11.2178
93	11.855
94	11.2178
95	11.2178
96	11.2178
97	11.5108
98	10.1823
99	10.1823
100	10.1823
101	10.1607
102	10.1823
103	10.1607
104	11.0842
105	10.1607
106	9.93183
107	9.93183
108	9.93183
109	9.93183
110	9.93183
111	9.93183
112	9.71631
113	10.1909
114	9.61888
115	8.97683
116	8.97683
117	8.97683
118	8.74204
119	8.97683
120	8.52984
121	8.39062
122	8.39062
123	8.39062
124	8.39062
125	8.37998
126	8.11743
127	7.03274
128	8.33681
129	8.33681
130	8.33681
131	7.03274
132	7.03274
133	7.03274
134	8.39062
135	7.47132
136	5.60972
137	5.60972
138	5.60972
139	5.60468
140	5.60972
141	5.60468
142	5.52309
143	5.52309
144	5.36131
145	5.52309
146	4.6919
147	4.6919
148	4.6919
149	4.6919
150	4.97655
151	4.97655
152	5.7153
153	4.27551
154	4.16287
155	4.16287
156	4.16287
157	4.06696
158	4.06696
159	4.04097
160	4.05302
161	4.05302
162	4.04097
163	4.13505
164	4.13505
165	4.13505
166	4.13655
167	4.13582
168	4.04097
169	4.04097
170	4.04097
171	4.13655
172	4.58111
173	4.04097
174	4.04097
175	4.27593
176	4.54372
177	4.81127
178	4.04097
179	4.66485
180	4.68417
181	4.04097
182	4.49592
183	4.04097
184	4.04097
185	4.04097
186	4.04097
187	4.04097
188	4.4605
189	4.04097
190	4.06514
191	4.06514
192	3.88914
193	3.8979
194	3.68956
195	3.89531
196	3.91748
197	3.89543
198	3.89531
199	3.68956
200	3.69716
201	3.67955
202	3.67955
203	3.67955
204	3.67955
205	3.67955
206	3.67955
207	3.7069
208	3.68939
209	3.68219
210	3.68613
211	3.68613
212	3.55025
213	3.61175
214	3.68613
215	3.55025
216	3.06968
217	3.06968
218	3.06968
219	3.13117
220	3.06968
221	3.06968
222	3.06968
223	3.06968
224	3.0774
225	3.06968
226	3.06968
227	3.06968
228	3.06968
229	3.06968
230	3.06968
231	3.06968
232	3.06968
233	3.06968
234	3.06318
235	3.06318
236	3.06318
237	3.06968
238	3.06968
239	3.06968
240	3.06968
241	3.01599
242	3.01599
243	3.01599
244	3.01599
245	2.74769
246	2.80817
247	2.80817
248	2.74769
249	2.75447
250	2.80477
251	2.74769
252	2.71947
253	2.74769
254	2.69399
255	2.69399
256	2.69399
257	2.69399
258	2.69399
259	2.69399
260	2.69399
261	2.69399
262	2.69399
263	2.69399
264	2.71947
265	2.69399
266	2.69399
267	2.69399
268	2.69399
269	2.69399
270	2.7122
271	2.7122
272	2.69399
273	2.69399
274	2.71947
275	2.73399
276	2.71871
277	2.69399
278	2.69399
279	2.69399
280	2.73399
281	2.71871
282	2.73399
283	2.71871
284	2.69399
285	2.69399
286	2.69399
287	2.69399
288	2.74678
289	2.69399
290	2.69399
291	2.69399
292	2.69399
293	2.69399
294	2.69399
295	2.69399
296	2.69399
297	2.69399
298	2.67697
299	2.67697
300	2.59857
301	2.62833
302	2.59857
303	2.59857
304	2.59857
305	2.59857
306	2.59857
307	2.59857
308	2.56697
309	2.56697
310	2.59857
311	2.56697
312	2.5662
313	2.5662
314	2.5662
315	2.5662
316	2.56697
317	2.58149
318	2.5662
319	2.5662
320	2.62833
321	2.5662
322	2.5662
323	2.5662
324	2.5662
325	2.59428
326	2.59428
327	2.5662
328	2.5662
329	2.5662
330	2.5662
331	2.59428
332	2.59428
333	2.59428
334	2.59857
335	2.5662
336	2.5662
337	2.54149
338	2.54149
339	2.54149
340	2.59428
341	2.54149
342	2.54149
343	2.56697
344	2.56697
345	2.56697
346	2.56697
347	2.56697
348	2.54149
349	2.54149
350	2.54149
351	2.54149
352	2.54149
353	2.54149
354	2.54149
355	2.56697
356	2.56697
357	2.56697
358	2.56697
359	2.54149
360	2.56697
361	2.54149
362	2.56697
363	2.54149
364	2.54149
365	2.54149
366	2.54149
367	2.54149
368	2.54149
369	2.54149
370	2.54149
371	2.54149
372	2.54149
373	2.54149
374	2.54149
375	2.54149
376	2.54149
377	2.54149
378	2.54149
379	2.54149
380	2.54149
381	2.54149
382	2.54149
383	2.54149
384	2.53402
385	2.53139
386	2.53139
387	2.50408
388	2.50408
389	2.50408
390	2.50408
391	2.50667
392	2.50408
393	2.50408
394	2.50408
395	2.50408
396	2.50408
397	2.47859
398	2.47859
399	2.47859
400	2.47859
401	2.47859
402	2.47859
403	2.47859
404	2.50331
405	2.47859
406	2.47859
407	2.47859
408	2.47859
409	2.47859
410	2.47859
411	2.45042
412	2.45042
413	2.45042
414	2.45042
415	2.45042
416	2.45042
417	2.47859
418	2.45042
419	2.45042
420	2.45042
421	2.45042
422	2.45042
423	2.50322
424	2.50322
425	2.45042
426	2.51332
427	2.53139
428	2.50331
429	2.45042
430	2.45042
431	2.45042
432	2.45042
433	2.50322
434	2.47859
435	2.47859
436	2.47859
437	2.45042
438	2.45042
439	2.45042
440	2.45881
441	2.45881
442	2.45042
443	2.43323
444	2.43064
445	2.43064
446	2.45881
447	2.43064
448	2.43064
449	2.45042
450	2.45881
451	2.45881
452	2.43409
453	2.45881
454	2.43064
455	2.43064
456	2.43064
457	2.43409
458	2.43064
459	2.43064
460	2.43409
461	2.43064
462	2.45881
463	2.43064
464	2.43064
465	2.43064
466	2.43409
467	2.43064
468	2.43409
469	2.43064
470	2.43409
471	2.43409
472	2.43064
473	2.43064
474	2.43064
475	2.43064
476	2.43409
477	2.43064
478	2.42934
479	2.43409
480	2.42644
481	2.43409
482	2.42644
483	2.43146
484	2.42644
485	2.41246
486	2.41246
487	2.43224
488	2.43409
489	2.43224
490	2.42934
491	2.42934
492	2.41246
493	2.41246
494	2.40463
495	2.40463
496	2.40463
497	2.40463
498	2.43224
499	2.40463
500	2.40463
501	2.42644
502	2.40463
503	2.40463
504	2.40463
505	2.42903
506	2.42644
507	2.40172
508	2.40172
509	2.40172
510	2.39909
511	2.39909
512	2.39909
513	2.39909
514	2.39909
515	2.43224
516	2.42644
517	2.43409
518	2.39909
519	2.39909
520	2.40172
521	2.40172
522	2.42644
523	2.40172
524	2.39909
525	2.39909
526	2.43146
527	2.39909
528	2.39909
529	2.43146
530	2.43146
531	2.4298
532	2.39909
533	2.43409
534	2.40172
535	2.42644
536	2.39909
537	2.39909
538	2.39909
539	2.39909
540	2.42644
541	2.42644
542	2.42644
543	2.39909
544	2.39909
545	2.39909
546	2.39909
547	2.39909
548	2.40172
549	2.40172
550	2.43146
551	2.39909
552	2.39909
553	2.39909
554	2.43146
555	2.4298
556	2.43146
557	2.39909
558	2.39909
559	2.39909
560	2.39909
561	2.43146
562	2.42903
563	2.39909
564	2.43146
565	2.39909
566	2.39909
567	2.40172
568	2.39909
569	2.39909
570	2.40172
571	2.39909
572	2.39909
573	2.39909
574	2.39909
575	2.39909
576	2.39909
577	2.40172
578	2.40172
579	2.40172
580	2.39909
581	2.40172
582	2.39909
583	2.39909
584	2.42903
585	2.39909
586	2.39909
587	2.42903
588	2.40172
589	2.39909
590	2.39909
591	2.39909
592	2.39909
593	2.39909
594	2.39909
595	2.44622
596	2.44622
597	2.43224
598	2.44622
599	2.44622
600	2.44359
601	2.43409
602	2.39909
603	2.39909
604	2.39909
605	2.44359
606	2.39909
607	2.39909
608	2.39909
609	2.44622
610	2.43409
611	2.39909
612	2.43409
613	2.39909
614	2.39909
615	2.39909
616	2.39909
617	2.39909
618	2.39909
619	2.39909
620	2.44622
621	2.44622
622	2.39909
623	2.39909
624	2.39909
625	2.39909
626	2.39909
627	2.39909
628	2.39909
629	2.39909
630	2.39909
631	2.44622
632	2.39909
633	2.44622
634	2.44622
635	2.44622
636	2.39909
637	2.39909
638	2.39909
639	2.39909
640	2.39909
641	2.44622
642	2.44622
643	2.44622
644	2.44622
645	2.44622
646	2.44622
647	2.44622
648	2.39909
649	2.44622
650	2.39909
651	2.39909
652	2.39909
653	2.44622
654	2.44622
655	2.39909
656	2.39909
657	2.44622
658	2.39909
659	2.39909
660	2.39909
661	2.39909
662	2.44359
663	2.44359
664	2.39909
665	2.39909
666	2.39909
667	2.39909
668	2.39909
669	2.39909
670	2.39909
671	2.39909
672	2.39909
673	2.44622
674	2.44622
675	2.43409
676	2.43409
677	2.43409
678	2.43409
679	2.39909
680	2.39909
681	2.39909
682	2.43409
683	2.43146
684	2.43409
685	2.43409
686	2.43409
687	2.43409
688	2.4741
689	2.4741
690	2.39909
691	2.39909
692	2.39909
693	2.47596
694	2.47596
695	2.39909
696	2.39909
697	2.39909
698	2.44359
699	2.45696
700	2.45696
701	2.39909
702	2.39909
703	2.39909
704	2.43409
705	2.39909
706	2.43409
707	2.43409
708	2.43409
709	2.43409
710	2.39909
711	2.39909
712	2.39909
713	2.43146
714	2.43224
715	2.39909
716	2.39909
717	2.39909
718	2.43224
719	2.41246
720	2.39909
721	2.43224
722	2.39909
723	2.43409
724	2.43409
725	2.43409
726	2.39909
727	2.39909
728	2.39909
729	2.39909
730	2.41246
731	2.41246
732	2.41246
733	2.39909
734	2.41246
735	2.41246
736	2.43409
737	2.39909
738	2.43224
739	2.43409
740	2.43409
741	2.43409
742	2.43409
743	2.39909
744	2.43409
745	2.43409
746	2.39909
747	2.39909
748	2.39909
749	2.39575
750	2.39575
751	2.39575
752	2.43146
753	2.43224
754	2.43224
755	2.39575
756	2.39575
757	2.39575
758	2.39575
759	2.39575
760	2.39575
761	2.39575
762	2.39575
763	2.39575
764	2.39575
765	2.39575
766	2.39575
767	2.39575
768	2.39575
769	2.39575
770	2.39575
771	2.39575
772	2.39575
773	2.39575
774	2.39575
775	2.39575
776	2.39575
777	2.39575
778	2.39575
779	2.39575
780	2.39575
781	2.39575
782	2.39575
783	2.39575
784	2.39575
785	2.39575
786	2.39575
787	2.39575
788	2.39575
789	2.39575
790	2.40463
791	2.39575
792	2.39575
793	2.39575
794	2.40463
795	2.39575
796	2.39575
797	2.39575
798	2.43262
799	2.39575
