1	6.62665e+07	-nan
2	6.46859e+07	1.11766e+06
3	6.31277e+07	1.47436e+06
4	6.36131e+07	1.18297e+06
5	6.33695e+07	971143
6	6.42242e+07	1.1242e+06
7	6.45614e+07	1.01289e+06
8	6.4727e+07	899717
9	6.48438e+07	807298
10	6.53317e+07	861489
11	6.48429e+07	911379
12	6.53251e+07	954507
13	6.50471e+07	920671
14	6.54895e+07	955289
15	6.56019e+07	898200
16	6.53887e+07	867008
17	6.56284e+07	848496
18	6.56412e+07	801454
19	6.54245e+07	788033
20	6.53462e+07	752504
21	6.52614e+07	721436
22	6.50806e+07	710940
23	6.50512e+07	680638
24	6.51949e+07	667277
25	6.53125e+07	650860
26	6.53928e+07	630770
27	6.55034e+07	617019
28	6.55234e+07	595307
29	6.52206e+07	647216
30	6.51766e+07	627136
31	6.52934e+07	617693
32	6.53824e+07	604760
33	6.53953e+07	586571
34	6.53869e+07	569379
35	6.54536e+07	557009
36	6.54217e+07	542449
37	6.54413e+07	528141
38	6.54644e+07	514747
39	6.5469e+07	501569
40	6.53643e+07	499835
41	6.53297e+07	488845
42	6.54176e+07	485042
43	6.54221e+07	473783
44	6.53433e+07	469534
45	6.53953e+07	461978
46	6.54317e+07	453364
47	6.5613e+07	478586
48	6.55424e+07	473797
49	6.55102e+07	465219
50	6.54821e+07	456762
